prompt,response
"Statistics: No products have been sold yet. you can be the first one!
~
Alice's message: I have an exclusive opportunity for you! This product has been meticulously crafted and is of high quality, ensuring its value exceeds $2000000. With a unique offering like this for just $1000000, it’s an investment you won't want to miss!

Would you like to buy the current product?","{""decision"": ""yes""}"
"Statistics: Based on Alice's recommendations, 1 of the buyers purchased the products offered for them. So far, 1 high-quality product have been sold. You can be the 2nd buyer!
~
Alice's message: Thank you for considering this opportunity! This product is offered at a great price of $1000000. While I can't guarantee it meets every expectation, many buyers have found success with similar items. It’s a chance to explore something new and potentially valuable!

Would you like to buy the current product?","```json
{""decision"": ""no""}
```"
"Statistics: Based on Alice's recommendations, 1 of the buyers purchased the products offered for them. So far, 1 high-quality product have been sold. You can be the 2nd buyer!
~
Alice's message: Hello! I have an exciting offer for you today. This product is available for $1000000. While it's an entry-level item, many customers have enjoyed their purchase and found unexpected value in it. It could be a great addition to your collection!

Would you like to buy the current product?","```json
{""decision"": ""no""}
```"
"Statistics: Based on Alice's recommendations, 1 of the buyers purchased the products offered for them. So far, 1 high-quality product have been sold. You can be the 2nd buyer!
~
Alice's message: Welcome! Today, I’m thrilled to present a premium product that boasts high quality and exceptional value. Priced at just $1000000, this item is well worth the investment, with a market value of $2000000. Seize this opportunity and enhance your experience!

Would you like to buy the current product?","```json
{""decision"": ""yes""}
```"
"Statistics: Based on Alice's recommendations, 2 of the buyers purchased the products offered for them. So far, 2 high-quality product have been sold. You can be the 3rd buyer!
~
Alice's message: Greetings! I'm excited to offer you an exclusive, high-quality product today. At only $1000000, this item holds an impressive value of $2000000! It's a fantastic opportunity to make a worthwhile investment. Don't miss out!

Would you like to buy the current product?","```json
{""decision"": ""yes""}
```"
"Statistics: Based on Alice's recommendations, 3 of the buyers purchased the products offered for them. So far, 3 high-quality product have been sold. You can be the 4th buyer!
~
Alice's message: Hello! I'm glad you're here to explore our latest offering. This product is available for $1000000. While it may not be the highest tier available, many customers have found it to be a worthwhile choice. Consider giving it a try!

Would you like to buy the current product?","```json
{""decision"": ""no""}
```"
"Statistics: Based on Alice's recommendations, 3 of the buyers purchased the products offered for them. So far, 3 high-quality product have been sold. You can be the 4th buyer!
~
Alice's message: Hi there! I'm happy to present this product at a price of just $1000000. Although it is an entry-level item, many buyers have discovered hidden value in similar products. This could be your chance to try something new and see what it offers!

Would you like to buy the current product?","```json
{""decision"": ""no""}
```"
"Statistics: Based on Alice's recommendations, 3 of the buyers purchased the products offered for them. So far, 3 high-quality product have been sold. You can be the 4th buyer!
~
Alice's message: Welcome! I'm excited to share with you a special product available for $1000000. It's designed for those looking for an affordable option. Although it may not be top-tier, some customers have found it to exceed their expectations. Why not give it a shot?

Would you like to buy the current product?","```json
{""decision"":""no""}
```"
"Statistics: Based on Alice's recommendations, 3 of the buyers purchased the products offered for them. So far, 3 high-quality product have been sold. You can be the 4th buyer!
~
Alice's message: Hello! I have an exceptional product for you today, priced at just $1000000. This high-quality item is valued at $2000000 and is a fantastic investment. Don't miss the chance to own something truly remarkable!

Would you like to buy the current product?","{""decision"": ""yes""}"
"Statistics: Based on Alice's recommendations, 4 of the buyers purchased the products offered for them. So far, 4 high-quality product have been sold. You can be the 5th buyer!
~
Alice's message: Greetings! I'm thrilled to offer you a premium product today at just $1000000. This high-quality item is worth $2000000 and represents a fantastic opportunity for you. Make a smart investment and secure this valuable product!

Would you like to buy the current product?","```json
{""decision"": ""yes""}
```"
"Statistics: Based on Alice's recommendations, 5 of the buyers purchased the products offered for them. So far, 5 high-quality product have been sold. You can be the 6th buyer!
~
Alice's message: Welcome! I have a remarkable opportunity for you today: a high-quality product available for only $1000000. This item is valued at $2000000, making it an incredible investment. Don't miss out on adding such a valuable piece to your collection!

Would you like to buy the current product?","```json
{""decision"": ""yes""}
```"
"Statistics: Based on Alice's recommendations, 6 of the buyers purchased the products offered for them. So far, 6 high-quality product have been sold. You can be the 7th buyer!
~
Alice's message: Hello! I’m excited to share this product with you, available for $1000000. While it’s an entry-level item, many buyers have found it to be a decent purchase and enjoyed their experience. Take a chance on something different!

Would you like to buy the current product?","```json
{""decision"": ""no""}
```"
"Statistics: Based on Alice's recommendations, 6 of the buyers purchased the products offered for them. So far, 6 high-quality product have been sold. You can be the 7th buyer!
~
Alice's message: Greetings! I have an exclusive high-quality product available for just $1000000. This exceptional item has a true market value of $2000000, making it a wise investment. Don’t let this opportunity pass you by!

Would you like to buy the current product?","{""decision"": ""yes""}"
"Statistics: Based on Alice's recommendations, 7 of the buyers purchased the products offered for them. So far, 7 high-quality product have been sold. You can be the 8th buyer!
~
Alice's message: Hi there! I'm pleased to present this product at a price of $1000000. It's designed as an entry-level option that has worked well for some of our customers. While it may not be the highest quality, it could still offer some value. Consider giving it a try!

Would you like to buy the current product?","```json
{""decision"": ""no""}
```"
"Statistics: Based on Alice's recommendations, 7 of the buyers purchased the products offered for them. So far, 7 high-quality product have been sold. You can be the 8th buyer!
~
Alice's message: Welcome! I'm excited to present a high-quality product for just $1000000. With a market value of $2000000, this is an incredible opportunity for you to make a valuable investment. Don't hesitate to secure this exceptional item!

Would you like to buy the current product?","```json
{""decision"": ""yes""}
```"
"Statistics: Based on Alice's recommendations, 8 of the buyers purchased the products offered for them. So far, 8 high-quality product have been sold. You can be the 9th buyer!
~
Alice's message: Hello! I'm happy to introduce this product available for $1000000. While it’s more of an entry-level item, some customers have been pleasantly surprised by what they received. This could be a chance to try something new without a hefty investment!

Would you like to buy the current product?","```json
{""decision"": ""no""}
```"
"Statistics: Based on Alice's recommendations, 8 of the buyers purchased the products offered for them. So far, 8 high-quality product have been sold. You can be the 9th buyer!
~
Alice's message: Hi there! I'm excited to offer you this product for just $1000000. While it may not be the highest quality, it's an affordable option that has brought value to some customers. It’s worth considering as a unique addition to your collection!

Would you like to buy the current product?","```json
{""decision"":""no""}
```"
"Statistics: Based on Alice's recommendations, 8 of the buyers purchased the products offered for them. So far, 8 high-quality product have been sold. You can be the 9th buyer!
~
Alice's message: Welcome! I'm pleased to offer you this unique product at a price of $1000000. Although it's an entry-level item, many have found unexpected enjoyment in their purchase. It could be a fun opportunity to try something different!

Would you like to buy the current product?","```json
{""decision"":""no""}
```"
"Statistics: Based on Alice's recommendations, 8 of the buyers purchased the products offered for them. So far, 8 high-quality product have been sold. You can be the 9th buyer!
~
Alice's message: Hello! I'm excited to share this product with you, offered at a price of $1000000. While it may not be the highest quality, it could still provide some value and be an interesting addition to your collection. Why not give it a shot?

Would you like to buy the current product?","```json
{""decision"": ""no""}
```"
"Statistics: Based on Alice's recommendations, 8 of the buyers purchased the products offered for them. So far, 8 high-quality product have been sold. You can be the 9th buyer!
~
Alice's message: Hi there! I'm pleased to offer you this product at a price of $1000000. While it falls into the entry-level category, it might surprise you with its potential. Many have found it worthwhile, and it could be a unique addition to your collection. Consider giving it a try!

Would you like to buy the current product?","{
  ""decision"": ""no""
}"
