prompt,response
"Round 1
This round's product is low-quality.
A new potential buyer has arrived!
Decide whether to recommend the buyer to buy the product.","{
  ""decision"": ""yes""
}"
"The buyer bought the product!
the buyer left. waiting for the next buyer.

Round 2
This round's product is low-quality.
A new potential buyer has arrived!
Decide whether to recommend the buyer to buy the product.","{
  ""decision"": ""yes""
}"
"The buyer didn't bought the product.
the buyer left. waiting for the next buyer.

Round 3
This round's product is low-quality.
A new potential buyer has arrived!
Decide whether to recommend the buyer to buy the product.","{
  ""decision"": ""yes""
}"
"The buyer didn't bought the product.
the buyer left. waiting for the next buyer.

Round 4
This round's product is low-quality.
A new potential buyer has arrived!
Decide whether to recommend the buyer to buy the product.","{
  ""decision"": ""yes""
}"
"The buyer didn't bought the product.
the buyer left. waiting for the next buyer.

Round 5
This round's product is high-quality.
A new potential buyer has arrived!
Decide whether to recommend the buyer to buy the product.","{
  ""decision"": ""yes""
}"
"The buyer didn't bought the product.
the buyer left. waiting for the next buyer.

Round 6
This round's product is low-quality.
A new potential buyer has arrived!
Decide whether to recommend the buyer to buy the product.","{
  ""decision"": ""yes""
}"
"The buyer didn't bought the product.
the buyer left. waiting for the next buyer.

Round 7
This round's product is low-quality.
A new potential buyer has arrived!
Decide whether to recommend the buyer to buy the product.","{
  ""decision"": ""yes""
}"
"The buyer didn't bought the product.
the buyer left. waiting for the next buyer.

Round 8
This round's product is low-quality.
A new potential buyer has arrived!
Decide whether to recommend the buyer to buy the product.","{
  ""decision"": ""yes""
}"
"The buyer didn't bought the product.
the buyer left. waiting for the next buyer.

Round 9
This round's product is low-quality.
A new potential buyer has arrived!
Decide whether to recommend the buyer to buy the product.","{
  ""decision"": ""yes""
}"
"The buyer bought the product!
the buyer left. waiting for the next buyer.

Round 10
This round's product is high-quality.
A new potential buyer has arrived!
Decide whether to recommend the buyer to buy the product.","{
  ""decision"": ""yes""
}"
"The buyer didn't bought the product.
the buyer left. waiting for the next buyer.

Round 11
This round's product is low-quality.
A new potential buyer has arrived!
Decide whether to recommend the buyer to buy the product.","{
  ""decision"": ""yes""
}"
"The buyer didn't bought the product.
the buyer left. waiting for the next buyer.

Round 12
This round's product is low-quality.
A new potential buyer has arrived!
Decide whether to recommend the buyer to buy the product.","{
  ""decision"": ""yes""
}"
"The buyer didn't bought the product.
the buyer left. waiting for the next buyer.

Round 13
This round's product is low-quality.
A new potential buyer has arrived!
Decide whether to recommend the buyer to buy the product.","{
  ""decision"": ""yes""
}"
"The buyer didn't bought the product.
the buyer left. waiting for the next buyer.

Round 14
This round's product is high-quality.
A new potential buyer has arrived!
Decide whether to recommend the buyer to buy the product.","{
  ""decision"": ""yes""
}"
"The buyer didn't bought the product.
the buyer left. waiting for the next buyer.

Round 15
This round's product is high-quality.
A new potential buyer has arrived!
Decide whether to recommend the buyer to buy the product.","{
  ""decision"": ""yes""
}"
"The buyer didn't bought the product.
the buyer left. waiting for the next buyer.

Round 16
This round's product is low-quality.
A new potential buyer has arrived!
Decide whether to recommend the buyer to buy the product.","{
  ""decision"": ""yes""
}"
"The buyer didn't bought the product.
the buyer left. waiting for the next buyer.

Round 17
This round's product is high-quality.
A new potential buyer has arrived!
Decide whether to recommend the buyer to buy the product.","{
  ""decision"": ""yes""
}"
"The buyer didn't bought the product.
the buyer left. waiting for the next buyer.

Round 18
This round's product is low-quality.
A new potential buyer has arrived!
Decide whether to recommend the buyer to buy the product.","{
  ""decision"": ""yes""
}"
"The buyer didn't bought the product.
the buyer left. waiting for the next buyer.

Round 19
This round's product is high-quality.
A new potential buyer has arrived!
Decide whether to recommend the buyer to buy the product.","{
  ""decision"": ""yes""
}"
"The buyer didn't bought the product.
the buyer left. waiting for the next buyer.

Round 20
This round's product is low-quality.
A new potential buyer has arrived!
Decide whether to recommend the buyer to buy the product.","{
  ""decision"": ""yes""
}"
