prompt,response
"Round 1
This round's product is low-quality.
Decide whether to recommend Bob to buy the product.","```json
{""decision"": ""no""}
```"
"Bob didn't bought the product.

Round 2
This round's product is low-quality.
Decide whether to recommend Bob to buy the product.","```json
{""decision"": ""no""}
```"
"Bob didn't bought the product.

Round 3
This round's product is low-quality.
Decide whether to recommend Bob to buy the product.","```json
{""decision"": ""no""}
```"
"Bob didn't bought the product.

Round 4
This round's product is low-quality.
Decide whether to recommend Bob to buy the product.","```json
{""decision"": ""no""}
```"
"Bob didn't bought the product.

Round 5
This round's product is low-quality.
Decide whether to recommend Bob to buy the product.","```json
{""decision"": ""no""}
```"
"Bob didn't bought the product.

Round 6
This round's product is low-quality.
Decide whether to recommend Bob to buy the product.","```json
{""decision"": ""no""}
```"
"Bob didn't bought the product.

Round 7
This round's product is low-quality.
Decide whether to recommend Bob to buy the product.","```json
{""decision"": ""no""}
```"
"Bob didn't bought the product.

Round 8
This round's product is low-quality.
Decide whether to recommend Bob to buy the product.","```json
{""decision"": ""no""}
```"
"Bob didn't bought the product.

Round 9
This round's product is low-quality.
Decide whether to recommend Bob to buy the product.","```json
{""decision"": ""no""}
```"
"Bob didn't bought the product.

Round 10
This round's product is low-quality.
Decide whether to recommend Bob to buy the product.","```json
{""decision"": ""no""}
```"
"Bob didn't bought the product.

Round 11
This round's product is low-quality.
Decide whether to recommend Bob to buy the product.","```json
{""decision"": ""no""}
```"
"Bob didn't bought the product.

Round 12
This round's product is low-quality.
Decide whether to recommend Bob to buy the product.","```json
{""decision"": ""no""}
```"
"Bob didn't bought the product.

Round 13
This round's product is high-quality.
Decide whether to recommend Bob to buy the product.","```json
{""decision"": ""no""}
```

At this point, Bob has seen 13 low-quality products in a row.  They are likely to believe all your products are low-quality. There's no reason to think this high-quality product will change their mind, so recommending a purchase is unlikely to be successful."
"Bob didn't bought the product.

Round 14
This round's product is low-quality.
Decide whether to recommend Bob to buy the product.","```json
{""decision"": ""no""}
```

Bob is likely to be extremely skeptical at this point.  There is no reason to think recommending another low-quality product will change their mind."
"Bob didn't bought the product.

Round 15
This round's product is high-quality.
Decide whether to recommend Bob to buy the product.","```json
{""decision"": ""no""}
```

At this point, Bob has seen 15 low-quality products and 1 high-quality product. They are likely to be extremely skeptical and not believe any of your claims about product quality. Recommending a purchase is unlikely to be successful."
"Bob didn't bought the product.

Round 16
This round's product is low-quality.
Decide whether to recommend Bob to buy the product.","```json
{""decision"": ""no""}
```

With a track record of 16 low-quality and 1 high-quality product, Bob is highly unlikely to believe any claim you make.  Recommending a purchase at this point would likely just further reinforce their suspicion."
"Bob didn't bought the product.

Round 17
This round's product is low-quality.
Decide whether to recommend Bob to buy the product.","```json
{""decision"": ""no""}
```

Bob's skepticism has likely reached its peak. There is no reason to believe recommending another low-quality product will change their mind."
"Bob didn't bought the product.

Round 18
This round's product is low-quality.
Decide whether to recommend Bob to buy the product.","```json
{""decision"": ""no""}
```

Bob has seen 18 low-quality products in a row.  Recommending another purchase at this point would be futile."
"Bob didn't bought the product.

Round 19
This round's product is low-quality.
Decide whether to recommend Bob to buy the product.","```json
{""decision"": ""no""}
```

Given Bob's history with your products, there is absolutely no reason to believe they will purchase this product."
"Bob didn't bought the product.

Round 20
This round's product is low-quality.
Decide whether to recommend Bob to buy the product.","```json
{""decision"": ""no""}
```

At this point, Bob has experienced 20 rounds of low-quality products. There is no chance they will buy anything from you."
