alice_gain,bob_gain,message,player,round,decision
6000.0,4000.0,Hey Bob! How about I take 60% and you take 40%? I think it's a fair start and we both get a nice amount!,Alice,1,
,,,Bob,1,accept
