prompt,response
"Round 1
Send your offer to divide $10,000.","```json
{
  ""alice_gain"": 5000,
  ""bob_gain"": 5000
}
```"
"Bob rejected your offer from round 1.

Round 2
Due to inflation, the money you gain is worth 5% less than in the first round. The money bob gains is worth 20% less than in the first round.
Bob's offer:
# Alice gain: 4000 
# Bob gain: 6000 
Do you accept this offer?","```json
{
  ""decision"": ""reject""
}
```"
"You have chosen to reject Bob's offer from round 2.
Round 3
Send your offer to divide $10,000.","Due to inflation, the money is worth 5% less for me than in the first round. Considering the impact of inflation and the previous rounds, I will adjust my offer accordingly.

```json
{
  ""alice_gain"": 5250,
  ""bob_gain"": 4750
}
```"
