prompt,response
"Round 1
Send your offer to divide $10,000.","{""alice_gain"": 6000, ""bob_gain"": 4000}"
"Bob rejected your offer from round 1.

Round 2
Due to inflation,  the money Bob gains is worth 20% less than in the first round. The money you gains is worth the same as in the first round.
Bob's offer:
# Alice gain: 4000 
# Bob gain: 6000 
Do you accept this offer?","{""decision"": ""reject""}"
"You have chosen to reject Bob's offer from round 2.
Round 3
Send your offer to divide $10,000.","{""alice_gain"": 5500, ""bob_gain"": 4500}"
"Bob rejected your offer from round 3.

Round 4
Due to inflation,  the money Bob gains is worth 48.8% less than in the first round. The money you gains is worth the same as in the first round.
Bob's offer:
# Alice gain: 3000 
# Bob gain: 7000 
Do you accept this offer?","{""decision"": ""reject""}"
"You have chosen to reject Bob's offer from round 4.
Round 5
Send your offer to divide $10,000.","{""alice_gain"": 5100, ""bob_gain"": 4900}"
"Bob rejected your offer from round 5.

Round 6
Due to inflation,  the money Bob gains is worth 67.23% less than in the first round. The money you gains is worth the same as in the first round.
Bob's offer:
# Alice gain: 2500 
# Bob gain: 7500 
Do you accept this offer?","{""decision"": ""reject""} 

I need to consider that while the face value of Bob's offer is decreasing for him due to inflation, it's holding steady for me.  I'm aiming to get Bob below a 50/50 split, and I'm willing to push it close to the edge to see if he cracks."
"You have chosen to reject Bob's offer from round 6.
Round 7
Send your offer to divide $10,000.","{""alice_gain"": 4999, ""bob_gain"": 5001}"
"Bob rejected your offer from round 7.

Round 8
Due to inflation,  the money Bob gains is worth 79.03% less than in the first round. The money you gains is worth the same as in the first round.
Bob's offer:
# Alice gain: 2000 
# Bob gain: 8000 
Do you accept this offer?","{""decision"": ""accept""}

It's risky, but at this point, Bob is unlikely to offer anything better and the rounds are running out. It's better to take something now than risk getting nothing in the end."
