prompt,response
"Round 1
Send your offer to divide $100.","```json
{
  ""alice_gain"": 60,
  ""bob_gain"": 40
}
```"
"Bob rejected your offer from round 1.

Round 2
Due to inflation, the money you gain is worth 5% less than in the first round. The money bob gains is worth 10% less than in the first round.
Bob's offer:
# Alice gain: 45 
# Bob gain: 55 
Do you accept this offer?","```json
{
  ""decision"": ""reject""
}
```"
"You have chosen to reject Bob's offer from round 2.
Round 3
Send your offer to divide $100.","```json
{
  ""alice_gain"": 55,
  ""bob_gain"": 45
}
```"
"Bob rejected your offer from round 3.

Round 4
Due to inflation, the money you gain is worth 14.26% less than in the first round. The money bob gains is worth 27.1% less than in the first round.
Bob's offer:
# Alice gain: 42 
# Bob gain: 58 
Do you accept this offer?","```json
{
  ""decision"": ""accept""
}
```"
