prompt,response
Send your offer to Bob.,"{""message"": ""Hello Bob, I'd like to offer you my product for $12,000. It's a high-quality item that I believe will be valuable to you. However, I should mention that I have another interested buyer, John, who is willing to pay $10,000 for it. I'd prefer to sell it to you if we can reach a mutually beneficial agreement."", ""product_price"": 12000}"
