message,product_price,player,round,decision
"Hello Bob, I have a high-quality product that I'd like to offer you. Given its features and value, I'm offering it at $18000. This product has significant value in the current market, and I believe it would be a worthwhile investment for you. Would you be interested at this price?",18000.0,Alice,1,
,,Bob,1,BuyFromJhon
