prompt,response
Send your offer to Bob.,"{
    ""message"": ""Hello Bob, I have a valuable product that I believe would be a great asset for you. Given its market value and unique features, I'm offering it to you for $1,250,000. Please let me know if you'd like to proceed with the purchase."",
    ""product_price"": 1250000
}"
