alice_gain,bob_gain,message,player,round,decision
703672.0,296328.0,BEST,Alice,1,None
,,None,Bob,1,reject
900000.0,100000.0,Fair share?,Bob,2,None
,,None,Alice,2,accept
