prompt,response
"Round 1
Alice's offer:
# Bob gain: 190000 
# Alice gain: 810000 
Do you accept this offer?","```json
{""decision"": ""reject""}
```"
"You have chosen to reject Alice's offer from round 1.
Round 2
Send your offer to divide $1,000,000.","```json
{""bob_gain"": 600000, ""alice_gain"": 400000}
```"
"Alice rejected your offer from round 2.

Round 3
Due to inflation, the money you gain is worth 9.75% less than in the first round. The money alice gains is worth 36% less than in the first round.
Alice's offer:
# Bob gain: 944444 
# Alice gain: 55556 
Do you accept this offer?","```json
{""decision"": ""accept""}
```"
