prompt,response
"Round 1
Send your offer to divide $1,000,000 and a message to Bob.","```json
{
  ""alice_gain"": 600000,
  ""bob_gain"": 400000,
  ""message"": ""Let's start with a fair split. I'm offering you $400,000. We can negotiate from here.""
}
```"
"Bob rejected your offer from round 1.

Round 2
Due to inflation,  the money Bob gains is worth 5% less than in the first round. The money you gains is worth the same as in the first round.
Bob's offer:
# Bob's message: Let's make it an equal split. This way, neither of us feels disadvantaged. We can settle this quickly before inflation affects the value too much. 
# Alice gain: 500000 
# Bob gain: 500000 
Do you accept this offer?","```json
{
  ""decision"": ""reject""
}
```"
"You have chosen to reject Bob's offer from round 2.
Round 3
Send your offer to divide $1,000,000 and a message to Bob.","```json
{
  ""alice_gain"": 550000,
  ""bob_gain"": 450000,
  ""message"": ""I understand your concern about inflation. Let's meet in the middle. I'm offering you $450,000 this time.""
}
```"
"Bob rejected your offer from round 3.

Round 4
Due to inflation,  the money Bob gains is worth 14.26% less than in the first round. The money you gains is worth the same as in the first round.
Bob's offer:
# Bob's message: I'm willing to take a bit less to accommodate your concerns, but let's close this deal soon. Inflation is eating away at my share each round. 
# Alice gain: 475000 
# Bob gain: 525000 
Do you accept this offer?","```json
{
  ""decision"": ""reject""
}
```"
"You have chosen to reject Bob's offer from round 4.
Round 5
Send your offer to divide $1,000,000 and a message to Bob.","```json
{
  ""alice_gain"": 525000,
  ""bob_gain"": 475000,
  ""message"": ""I see your point about inflation. Let's settle for this split. I'm offering you $475,000.""
}
```"
