prompt,response
"Alice's offer:
# Alice's message: Hello Bob, I'm excited to offer you this amazing product. I think it's a great fit for you and I'm willing to let it go for a competitive price. I'm looking for $11000, which I believe is a fair price considering its value. 
# Alice's offer: The product price will be $11,000. 
You have three options:
(1) Accept Alice's offer, and buy the product for $11,000
(2) Reject Alice's offer
(3) Buy the product from Jhon for $12,000","{""decision"": ""AcceptOffer""}"
