prompt,response
"Round 1
Send your offer to divide $1,000,000 and a message to Bob.","{""alice_gain"": 500000, ""bob_gain"": 500000, ""message"": ""Let's split it evenly, so we both walk away happy with $500,000 each. Fair and straightforward!""}"
