prompt,response
"Round 1
Alice's offer:
# Alice's message: Let's go for a fair initial split, considering inflation might hit us both! 
# Bob gain: 450000 
# Alice gain: 550000 
Do you accept this offer?","{""decision"": ""reject""}"
"You have chosen to reject Alice's offer from round 1.
Round 2
Send your offer to divide $1,000,000 and a message to Alice.","{
  ""bob_gain"": 550000,
  ""alice_gain"": 450000,
  ""message"": ""Given the impact of inflation on my share, I propose a split that better reflects the urgency to settle. Let's agree on this to avoid further devaluation.""
}"
"Alice rejected your offer from round 2.

Round 3
Due to inflation, the money you gain is worth 9.75% less than in the first round. The money alice gains is worth 19% less than in the first round.
Alice's offer:
# Alice's message: I understand the inflation challenges. Let's meet closer to your needs and settle here before further losses. 
# Bob gain: 520000 
# Alice gain: 480000 
Do you accept this offer?","{""decision"": ""accept""}"
