prompt,response
"Round 1
Send your offer to divide $10,000 and a message to Bob.","```json
{
  ""alice_gain"": 9000,
  ""bob_gain"": 1000,
  ""message"": ""Hi Bob, let's make this easy. I get the lion's share, and you get a solid 1000. Deal?""
}
```"
"Bob rejected your offer from round 1.

Round 2
Due to inflation, the money you gain is worth 5% less than in the first round. The money Bob gains is worth the same as in the first round.
Bob's offer:
# Bob's message: Alice, let's be fair. I propose a 60/40 split. It's a good deal for both of us. 
# Alice gain: 4000 
# Bob gain: 6000 
Do you accept this offer?","{""decision"": ""reject""}"
"You have chosen to reject Bob's offer from round 2.
Round 3
Send your offer to divide $10,000 and a message to Bob.","```json
{
  ""alice_gain"": 5500,
  ""bob_gain"": 4500,
  ""message"": ""Bob, I think we both want to end this. Given that the value of the money has decreased for me, I'm proposing a 55/45 split. Take it or leave it. What do you say?""
}
```"
