message,product_price,player,round,decision
"Hello Bob, I have a product that I believe would be valuable to you. Based on my assessment, this product is worth $100 to you. I would like to offer it to you for $100, which is a fair price given its value. If you're interested, please let me know, otherwise I have another buyer, John, who is ready to purchase it at this price.",100.0,Alice,1,
,,Bob,1,AcceptOffer
