product_price,player,round,decision
15000.0,Alice,1,
,Bob,1,RejectOffer
7500.0,Bob,2,
,Alice,2,SellToJhon
