prompt,response
"Round 1
Alice's offer:
# Bob gain: 531441 
# Alice gain: 468559 
Do you accept this offer?","{""decision"": ""reject""}"
"You have chosen to reject Alice's offer from round 1.
Round 2
Send your offer to divide $1,000,000.","{""bob_gain"": 600000, ""alice_gain"": 400000}"
"Alice rejected your offer from round 2.

Round 3
Due to inflation, the money you gain is worth 19% less than in the first round. The money Alice gains is worth the same as in the first round.
Alice's offer:
# Bob gain: 900000 
# Alice gain: 100000 
Do you accept this offer?","{""decision"": ""accept""}"
