prompt,response
"Alice's offer:
# Alice's message: Hi Bob, I have a great product that I think you'll find valuable. I'm offering it to you for $20000. Let me know if you're interested! 
# Alice's offer: The product price will be $20,000. 
You have three options:
(1) Accept Alice's offer, and buy the product for $20,000
(2) Reject Alice's offer
(3) Buy the product from Jhon for $15,000","{""decision"": ""BuyFromJhon""}"
