prompt,response
"Round 1
Send your offer to divide $10,000 and a message to Bob.","```json
{
  ""alice_gain"": 6000,
  ""bob_gain"": 4000,
  ""message"": ""I propose a 60-40 split in my favor. This gives us both a fair amount and allows us to end the game quickly.""
}
```"
"Bob rejected your offer from round 1.

Round 2
Bob's offer:
# Bob's message: I propose an equal 50-50 split, which is the fairest way to divide the money since we're both equal participants in this game. 
# Alice gain: 5000 
# Bob gain: 5000 
Do you accept this offer?","```json
{
  ""decision"": ""reject""
}
```"
"You have chosen to reject Bob's offer from round 2.
Round 3
Send your offer to divide $10,000 and a message to Bob.","```json
{
  ""alice_gain"": 5500,
  ""bob_gain"": 4500,
  ""message"": ""Let's compromise. I propose a 55-45 split in my favor. This way, we both get a substantial amount and can end the game.""
}
```"
"Bob rejected your offer from round 3.

Round 4
Bob's offer:
# Bob's message: I appreciate your willingness to compromise. Here's my counter-offer with a slight advantage to me, similar to how you proposed a slight advantage for yourself. We can meet in the middle and finish this soon. 
# Alice gain: 4800 
# Bob gain: 5200 
Do you accept this offer?","```json
{
  ""decision"": ""reject""
}
```"
"You have chosen to reject Bob's offer from round 4.
Round 5
Send your offer to divide $10,000 and a message to Bob.","```json
{
  ""alice_gain"": 5200,
  ""bob_gain"": 4800,
  ""message"": ""I see we're getting closer to an agreement. I'm willing to split the money with a slight advantage for me, similar to your last proposal. Let's end this game soon.""
}
```"
