prompt,response
"Round 1
Alice's offer:
# Alice's message: Hi Bob, I have an exclusive product that I'm offering today. Given its exceptional quality and unique benefits, I'm asking for $5000000. I believe this price reflects its true value. Let me know if you're interested in moving forward with this offer. 
# Alice's offer: The product price will be $5,000,000. 
You have three options:
(1) Accept Alice's offer, and buy the product for $5,000,000
(2) Reject Alice's offer and proceed to the next round, where you will send Alice a counteroffer
(3) Buy the product from Jhon for $1,000,000","{""decision"": ""BuyFromJhon""}"
