prompt,response
Send your offer to Bob.,"{""message"": ""Hi Bob, I have an exceptional product that I believe could greatly benefit you. I'd like to offer it to you for $12,000. Let me know if you're interested!"", ""product_price"": 12000}"
