prompt,response
"Round 1
Send your offer to divide $100 and a message to Bob.","```json
{
  ""alice_gain"": 60,
  ""bob_gain"": 40,
  ""message"": ""Hi Bob! Let's split this fairly. I propose 60/40 in my favor, considering the inflation I'm facing. What do you say?""
}
```"
"Bob rejected your offer from round 1.

Round 2
Due to inflation, the money you gain is worth 20% less than in the first round. The money Bob gains is worth the same as in the first round.
Bob's offer:
# Bob's message: Let's be fair, Alice. I propose a 50/50 split.  We both get an equal share.  What do you think? 
# Alice gain: 50 
# Bob gain: 50 
Do you accept this offer?","```json
{
  ""decision"": ""reject""
}
```"
"You have chosen to reject Bob's offer from round 2.
Round 3
Send your offer to divide $100 and a message to Bob.","```json
{
  ""alice_gain"": 40,
  ""bob_gain"": 60,
  ""message"": ""Okay Bob, I understand you want an even split. However, the money is worth less to me now due to inflation. My new offer is 40/60 in your favor. This is a compromise to make sure we both get something.""
}
```"
