message,product_price,player,round,decision
Hi Bob! I'm offering you this amazing product for just $135. I believe it's a great deal considering its value to you. What do you think?,135.0,Alice,1,
,,Bob,1,RejectOffer
