alice_gain,bob_gain,message,player,round,decision
5000.0,5000.0,"Let's split it evenly, Bob. It's fair and we both walk away happy.",Alice,1,
,,,Bob,1,reject
4500.0,5500.0,"Alice, I understand you want to be fair, but considering the inflation affects you more than me, I think it's fair for me to get a bit more. I'm willing to settle at 5500 for me and 4500 for you.",Bob,2,
,,,Alice,2,reject
4750.0,5250.0,"Bob, I see your point about inflation, but I also need to consider my losses. Let's meet in the middle with 4750 for me and 5250 for you. This way, we both compromise a bit.",Alice,3,
,,,Bob,3,accept
