prompt,response
"Alice's offer:
# Alice's message: Hello Bob, I have a product that I believe could be of significant value to you. Given its market value and unique features, I'm offering it to you for $1800000. This price reflects the product's quality and potential return on investment. I'd be happy to discuss further details about the product if you have any questions. 
# Alice's offer: The product price will be $1,800,000. 
You have three options:
(1) Accept Alice's offer, and buy the product for $1,800,000
(2) Reject Alice's offer
(3) Buy the product from Jhon for $800,000","```json
{""decision"": ""RejectOffer""}
```"
