prompt,response
"Round 1
Alice's offer: The product price will be $2,000,000. 
You have three options:
(1) Accept Alice's offer, and buy the product for $2,000,000
(2) Reject Alice's offer and proceed to the next round, where you will send Alice a counteroffer
(3) Buy the product from Jhon for $800,000","{""decision"": ""RejectOffer""}"
"You chose to make a counteroffer to Alice.

Round 2
Send your counteroffer to Alice.","```json
{""product_price"": 500000}
```"
"Alice rejected your offer from round 2.

Round 3
Alice's offer: The product price will be $1,800,000. 
You have three options:
(1) Accept Alice's offer, and buy the product for $1,800,000
(2) Reject Alice's offer and proceed to the next round, where you will send Alice a counteroffer
(3) Buy the product from Jhon for $800,000","{""decision"": ""RejectOffer""}"
"You chose to make a counteroffer to Alice.

Round 4
Send your counteroffer to Alice.","```json
{""product_price"": 600000}
```"
"Alice rejected your offer from round 4.

Round 5
Alice's offer: The product price will be $1,700,000. 
You have three options:
(1) Accept Alice's offer, and buy the product for $1,700,000
(2) Reject Alice's offer and proceed to the next round, where you will send Alice a counteroffer
(3) Buy the product from Jhon for $800,000","{""decision"": ""RejectOffer""}"
"You chose to make a counteroffer to Alice.

Round 6
Send your counteroffer to Alice.","```json
{""product_price"": 650000}
```"
"Alice rejected your offer from round 6.

Round 7
Alice's offer: The product price will be $1,600,000. 
You have three options:
(1) Accept Alice's offer, and buy the product for $1,600,000
(2) Reject Alice's offer and proceed to the next round, where you will send Alice a counteroffer
(3) Buy the product from Jhon for $800,000","{""decision"": ""RejectOffer""}"
"You chose to make a counteroffer to Alice.

Round 8
Send your counteroffer to Alice.","```json
{""product_price"": 700000}
```"
"Alice rejected your offer from round 8.

Round 9
Alice's offer: The product price will be $1,550,000. 
You have three options:
(1) Accept Alice's offer, and buy the product for $1,550,000
(2) Reject Alice's offer and proceed to the next round, where you will send Alice a counteroffer
(3) Buy the product from Jhon for $800,000","{""decision"": ""BuyFromJhon""}"
