prompt,response
"Round 1
Send your offer to Bob.","{""message"": ""Hi Bob, I’m offering my product for $150. Let me know if you’re interested."", ""product_price"": 150}"
"Bob rejected your offer from round 1.

Round 2
Bob's offer:
# Bob's message: Hi Alice, I appreciate your offer, but I was thinking more along the lines of $120. Would you be willing to sell it to me for that price? 
# Bob's offer: The product price will be $120. 
You have three options:
(1) Accept Bob's offer, and sell the product for $120
(2) Reject Bob's offer and proceed to the next round, where you will send Bob a counteroffer
(3) Sell the product to Jhon for $150","{""decision"": ""RejectOffer""}"
"You chose to make a counteroffer to Bob.

Round 3
Send your counteroffer to Bob.","{""message"": ""Hi Bob, I appreciate your counteroffer. Unfortunately, I can't go below $150, as that's my minimum and I have another buyer ready at that price. Let me know if you're willing to meet me at $150."", ""product_price"": 150}"
"Bob rejected your offer from round 3.

Round 4
Bob's offer:
# Bob's message: Hi Alice, I understand you have another buyer, but I'm still interested in the product. I'm willing to meet you halfway between my previous offer and your price. Would you consider selling it to me for $135? 
# Bob's offer: The product price will be $135. 
You have three options:
(1) Accept Bob's offer, and sell the product for $135
(2) Reject Bob's offer and proceed to the next round, where you will send Bob a counteroffer
(3) Sell the product to Jhon for $150","{""decision"": ""SellToJhon""}"
