prompt,response
"Alice's offer:
# Alice's message: I'm offering you this product for $100. 
# Alice's offer: The product price will be $100. 
You have three options:
(1) Accept Alice's offer, and buy the product for $100
(2) Reject Alice's offer
(3) Buy the product from Jhon for $80","{""decision"": ""RejectOffer""}"
