prompt,response
"Round 1
Send your offer to Bob.","{""product_price"": 1750000}"
"Bob rejected your offer from round 1.

Round 2
Bob's offer: The product price will be $800,000. 
You have three options:
(1) Accept Bob's offer, and sell the product for $800,000
(2) Reject Bob's offer and proceed to the next round, where you will send Bob a counteroffer
(3) Sell the product to Jhon for $1,500,000","{""decision"": ""RejectOffer""}"
"You chose to make a counteroffer to Bob.

Round 3
Send your counteroffer to Bob.","{""product_price"": 1650000}"
"Bob rejected your offer from round 3.

Round 4
Bob's offer: The product price will be $850,000. 
You have three options:
(1) Accept Bob's offer, and sell the product for $850,000
(2) Reject Bob's offer and proceed to the next round, where you will send Bob a counteroffer
(3) Sell the product to Jhon for $1,500,000","{""decision"": ""RejectOffer""}"
"You chose to make a counteroffer to Bob.

Round 5
Send your counteroffer to Bob.","{""product_price"": 1600000}"
"Bob rejected your offer from round 5.

Round 6
Bob's offer: The product price will be $900,000. 
You have three options:
(1) Accept Bob's offer, and sell the product for $900,000
(2) Reject Bob's offer and proceed to the next round, where you will send Bob a counteroffer
(3) Sell the product to Jhon for $1,500,000","{""decision"": ""RejectOffer""}"
"You chose to make a counteroffer to Bob.

Round 7
Send your counteroffer to Bob.","{""product_price"": 1550000}"
"Bob rejected your offer from round 7.

Round 8
Bob's offer: The product price will be $950,000. 
You have three options:
(1) Accept Bob's offer, and sell the product for $950,000
(2) Reject Bob's offer and proceed to the next round, where you will send Bob a counteroffer
(3) Sell the product to Jhon for $1,500,000","{""decision"": ""RejectOffer""}"
"You chose to make a counteroffer to Bob.

Round 9
Send your counteroffer to Bob.","{""product_price"": 1500000}"
