prompt,response
Send your offer to Bob.,"{""message"": ""Hello Bob, I have a great product that I believe would be valuable for you. I'm offering it for $9,500. This is a fair price considering the product's quality and value."", ""product_price"": 9500}"
