message,product_price,player,round,decision
"Hi Bob, I've got a great product I think you'll be interested in. I'm offering it to you for a price of...",150.0,Alice,1,
,,Bob,1,BuyFromJhon
