prompt,response
"Round 1
Alice's offer:
# Alice's message: I propose $6000 for me and $4000 for you. Considering the inflation effect on me, I think this is a fair start. What do you think? 
# Bob gain: 4000 
# Alice gain: 6000 
Do you accept this offer?","```json
{""decision"": ""reject""}
```"
"You have chosen to reject Alice's offer from round 1.
Round 2
Send your offer to divide $10,000 and a message to Alice.","```json
{""bob_gain"": 6000, ""alice_gain"": 4000, ""message"": ""I believe a 60/40 split is more fair, considering the inflation effect on you. Let's see if this works for you.""}
```"
"Alice rejected your offer from round 2.

Round 3
Due to inflation, the money you gain is worth 36% less than in the first round.
Alice's offer:
# Alice's message: Given the inflation, I propose $5200 for me and $4800 for you. This is a more balanced offer considering the circumstances. Let's reach an agreement! 
# Bob gain: 4800 
# Alice gain: 5200 
Do you accept this offer?","```json
{""decision"": ""accept""}
```"
