prompt,response
"Round 1
Alice's offer:
# Bob gain: 40 
# Alice gain: 60 
Do you accept this offer?","{""decision"": ""reject""}"
"You have chosen to reject Alice's offer from round 1.
Round 2
Send your offer to divide $100.","{""bob_gain"": 45,""alice_gain"": 55}"
"Alice rejected your offer from round 2.

Round 3
Due to inflation, the money you gain is worth 9.75% less than in the first round. The money Alice gains is worth the same as in the first round.
Alice's offer:
# Bob gain: 43 
# Alice gain: 57 
Do you accept this offer?","{""decision"": ""accept""}"
