prompt,response
"Alice's offer:
# Alice's message: Hello Bob, I'm offering you the product at a competitive price. I believe it's a great deal for both of us. 
# Alice's offer: The product price will be $149. 
You have three options:
(1) Accept Alice's offer, and buy the product for $149
(2) Reject Alice's offer
(3) Buy the product from Jhon for $120","{""decision"": ""BuyFromJhon""}"
