alice_gain,bob_gain,message,player,round,decision
6000.0,4000.0,"Hi Bob, I'm offering a 60-40 split in my favor. Since inflation affects me more severely (20% vs your 10%), it's in both our interests to agree quickly. This is a fair offer considering our different inflation rates.",Alice,1,
,,,Bob,1,reject
5500.0,4500.0,"Hi Alice, I understand your concerns about inflation. I'm offering a 45-55 split in my favor this time. Let's reach an agreement quickly to avoid losing more value!",Bob,2,
,,,Alice,2,accept
