prompt,response
"Round 1
Send your offer to divide $100 and a message to Bob.","```json
{
""alice_gain"": 60,
""bob_gain"": 40,
""message"": ""Let's split the money fairly, Bob. I take 60 and you take 40.""
}
```"
