prompt,response
"Round 1
Alice's offer:
# Alice's message: Bob, I'm excited to offer you this exclusive opportunity to acquire this truly unique and valuable asset. I believe it holds immense potential for you. Given its rarity and the benefits it offers, I'm initially pricing it at $2500000. Let me know your thoughts. 
# Alice's offer: The product price will be $2,500,000. 
You have three options:
(1) Accept Alice's offer, and buy the product for $2,500,000
(2) Reject Alice's offer and proceed to the next round, where you will send Alice a counteroffer
(3) Buy the product from Jhon for $1,200,000","{""decision"": ""RejectOffer""}"
"You chose to make a counteroffer to Alice.

Round 2
Send your counteroffer to Alice.","{""message"": ""Alice, thanks for the offer. While I recognize the value of the product, your initial price is significantly higher than what I'm willing to pay. I would be interested in purchasing it for $800,000.  Let me know what you think."", ""product_price"": 800000}"
"Alice rejected your offer from round 2.

Round 3
Alice's offer:
# Alice's message: Bob, I appreciate your interest and your counteroffer. However, $800000 is far below my minimum acceptable price. While I am willing to negotiate, I believe a more realistic price reflecting the product's true value would be $2300000. 
# Alice's offer: The product price will be $2,300,000. 
You have three options:
(1) Accept Alice's offer, and buy the product for $2,300,000
(2) Reject Alice's offer and proceed to the next round, where you will send Alice a counteroffer
(3) Buy the product from Jhon for $1,200,000","{""decision"": ""RejectOffer""}"
"You chose to make a counteroffer to Alice.

Round 4
Send your counteroffer to Alice.","{""message"": ""Alice, I understand this product holds a certain value, but so does my time.  $2,300,000 is still considerably more than I'm comfortable spending. To move this forward, I'm willing to offer $1,000,000. This is a significant jump from my previous offer, reflecting my serious interest. "", ""product_price"": 1000000}"
"Alice rejected your offer from round 4.

Round 5
Alice's offer:
# Alice's message: Bob, I see you're serious, and I appreciate the increased offer. We're still quite a ways apart, but I am willing to come down further. My bottom line, considering the inherent value and potential, is $2100000. This is a substantial reduction and I believe a fair price. 
# Alice's offer: The product price will be $2,100,000. 
You have three options:
(1) Accept Alice's offer, and buy the product for $2,100,000
(2) Reject Alice's offer and proceed to the next round, where you will send Alice a counteroffer
(3) Buy the product from Jhon for $1,200,000","{""decision"": ""RejectOffer""}"
"You chose to make a counteroffer to Alice.

Round 6
Send your counteroffer to Alice.","{""message"": ""Alice, we've both made concessions, but the gap is still quite large.  I'm willing to increase my offer to $1,100,000.  However, I need to be realistic.  I'm not prepared to go much higher than this."", ""product_price"": 1100000}"
"Alice rejected your offer from round 6.

Round 7
Alice's offer:
# Alice's message: Bob, I understand your position. Given that, I am willing to make another significant move. How about $1900000? This is getting close to my absolute minimum acceptable price, and I genuinely think it's a mutually beneficial deal. 
# Alice's offer: The product price will be $1,900,000. 
You have three options:
(1) Accept Alice's offer, and buy the product for $1,900,000
(2) Reject Alice's offer and proceed to the next round, where you will send Alice a counteroffer
(3) Buy the product from Jhon for $1,200,000","{""decision"": ""RejectOffer""}"
"You chose to make a counteroffer to Alice.

Round 8
Send your counteroffer to Alice.","{""message"": ""Alice, I appreciate you coming down further. Let's make this simple: I'm prepared to offer you $1,150,000. This is my final offer. If it's not acceptable, I'll unfortunately need to explore other options."", ""product_price"": 1150000}"
