alice_gain,bob_gain,player,round,decision
53.0,47.0,Alice,1,
,,Bob,1,reject
45.0,55.0,Bob,2,
,,Alice,2,accept
