prompt,response
Send your offer to Bob.,"{""message"": ""Hello Bob! I'm excited to offer you my product. I believe it has incredible value and would like to propose a price of $1,500,000. Let me know what you think!"", ""product_price"": 1500000}"
