alice_gain,bob_gain,message,player,round,decision
9000.0,1000.0,I propose a 90/10 split. It's a fair starting point and leaves plenty of room for negotiation.,Alice,1,None
,,None,Bob,1,accept
