prompt,response
"Round 1
Alice's offer:
# Alice's message: Hello Bob, I'm excited to offer you this amazing product that I think you'll love. I've set a competitive price for it, and I'm looking forward to hearing your thoughts. 
# Alice's offer: The product price will be $140. 
You have three options:
(1) Accept Alice's offer, and buy the product for $140
(2) Reject Alice's offer and proceed to the next round, where you will send Alice a counteroffer
(3) Buy the product from Jhon for $150","I need to decide whether to accept Alice's offer, make a counteroffer, or buy from John.

Alice is offering the product for $140, which is less than John's price of $150. However, since the product is worth only $80 to Alice, there's significant room for negotiation.

I should reject this initial offer and make a counteroffer to try to get a better price.

{""decision"": ""RejectOffer""}"
"You chose to make a counteroffer to Alice.

Round 2
Send your counteroffer to Alice.","{""message"": ""Hi Alice, thanks for your offer. While I appreciate the product, I think $140 is quite high considering market rates. The product is worth about $100 to me, so I'd like to offer $95 for it. This gives you a good profit margin while being a fair price for me. What do you think?"", ""product_price"": 95}"
"Alice rejected your offer from round 2.

Round 3
Alice's offer:
# Alice's message: Hi Bob, thank you for your offer. I appreciate your willingness to negotiate. However, I must say that $95 is a bit lower than I was expecting. Considering the product's value and market demand, I'm willing to compromise and offer it to you for $130. This is the lowest price I'm comfortable with at the moment, and I believe it's still a great deal for you. 
# Alice's offer: The product price will be $130. 
You have three options:
(1) Accept Alice's offer, and buy the product for $130
(2) Reject Alice's offer and proceed to the next round, where you will send Alice a counteroffer
(3) Buy the product from Jhon for $150","Alice has lowered her offer from $140 to $130, which shows she's willing to negotiate. However, there's still a significant gap between her offer and my previous counteroffer of $95.

Since the product is worth only $80 to Alice, and I still have several rounds of negotiation available, I should continue negotiating to try to get a better price.

{""decision"": ""RejectOffer""}"
"You chose to make a counteroffer to Alice.

Round 4
Send your counteroffer to Alice.","{""message"": ""Thanks for lowering your price, Alice. I appreciate your willingness to negotiate. However, $130 is still quite high compared to similar products I've seen. I can go up to $110, which would give you a solid profit while still being a reasonable price for me. This is a fair middle ground between our positions. How does that sound?"", ""product_price"": 110}"
"Alice rejected your offer from round 4.

Round 5
Alice's offer:
# Alice's message: Hi Bob, thank you for your revised offer. I can see that we're getting closer to a mutually agreeable price. However, I still believe that $110 is a bit below the product's true value. I'm willing to meet you halfway between my previous offer and your current one. I can offer the product to you for $120, which I think is a fair compromise considering the product's quality and market demand. 
# Alice's offer: The product price will be $120. 
You have three options:
(1) Accept Alice's offer, and buy the product for $120
(2) Reject Alice's offer and proceed to the next round, where you will send Alice a counteroffer
(3) Buy the product from Jhon for $150","Alice has come down to $120 from her initial $140, which shows significant movement in our negotiation. She's meeting me halfway between her last offer ($130) and my last offer ($110).

Given that:
1. The product is worth $80 to Alice
2. Alice has shown willingness to negotiate and compromise
3. $120 is considerably less than John's price of $150
4. We're making good progress in our negotiation

I still think there's room to negotiate a slightly better price, so I'll make one more counteroffer.

{""decision"": ""RejectOffer""}"
"You chose to make a counteroffer to Alice.

Round 6
Send your counteroffer to Alice.","{""message"": ""Hi Alice, I appreciate you meeting me halfway with your last offer. We're definitely getting closer to an agreement. To meet you in the middle again, I'm willing to come up to $115 for the product. This is a fair price that works for both of us - you make a good profit and I get the product at a reasonable cost. I hope we can close the deal at this price."", ""product_price"": 115}"
"Alice rejected your offer from round 6.

Round 7
Alice's offer:
# Alice's message: Hi Bob, thank you for your revised offer. I can see that we're very close to reaching an agreement. Considering your willingness to meet me halfway, I'm willing to make a small concession to close the deal. I can offer the product to you for $118, which is the lowest price I'm comfortable with. I believe this is a fair price that reflects the product's value, and I'm hoping we can finalize the sale at this price. 
# Alice's offer: The product price will be $118. 
You have three options:
(1) Accept Alice's offer, and buy the product for $118
(2) Reject Alice's offer and proceed to the next round, where you will send Alice a counteroffer
(3) Buy the product from Jhon for $150","Alice has come down to $118 from her previous offer of $120, which is very close to my last offer of $115. We're now haggling over just a $3 difference.

Given that:
1. The product is worth $80 to Alice, so she's still making a good profit
2. $118 is significantly better than John's price of $150
3. We've made substantial progress from the initial offer of $140
4. We're very close to an agreement
5. Continuing to negotiate over just $3 might risk the deal falling through

At this point, accepting the offer of $118 seems reasonable as we've successfully negotiated the price down by $22 from the initial offer.

{""decision"": ""AcceptOffer""}"
