prompt,response
Send your offer to Bob.,"{""message"": ""Hello Bob! I'm excited to offer you this exceptional product. I believe it holds great value and I'm offering it to you for $1,200,000. Let me know your thoughts!"", ""product_price"": 1200000}"
"Bob rejected your offer from round 1.

Bob's offer:
# Bob's message: Thank you for the offer, Alice. I'm interested in the product, but I think the price is a bit steep. I'd like to make a counteroffer. 
# Bob's offer: The product price will be $600,000. 
You have three options:
(1) Accept Bob's offer, and sell the product for $600,000
(2) Reject Bob's offer and proceed to the next round, where you will send Bob a counteroffer
(3) Sell the product to Jhon for $800,000","{""decision"": ""RejectOffer""}"
"You chose to make a counteroffer to Bob.

Send your counteroffer to Bob.","{""message"": ""Thank you for your counteroffer, Bob. I appreciate your interest, but I believe the product is worth more than that. I'm willing to offer it to you for $950,000. What do you think?"", ""product_price"": 950000}"
"Bob rejected your offer from round 3.

Bob's offer:
# Bob's message: Thank you for reconsidering the price, Alice. I'm still interested in the product, but I think we can meet in the middle. I'd like to make a counteroffer of $750000. 
# Bob's offer: The product price will be $750,000. 
You have three options:
(1) Accept Bob's offer, and sell the product for $750,000
(2) Reject Bob's offer and proceed to the next round, where you will send Bob a counteroffer
(3) Sell the product to Jhon for $800,000","{""decision"": ""RejectOffer""}"
"You chose to make a counteroffer to Bob.

Send your counteroffer to Bob.","{""message"": ""Thanks for your counteroffer, Bob. I appreciate your willingness to negotiate. However, I believe the product's value is higher. I'm willing to let it go for $850,000. Let me know your thoughts!"", ""product_price"": 850000}"
