prompt,response
"Alice's offer:
# Alice's message: Hi Bob, I'm excited to offer you the opportunity to purchase this product. Given its value and potential, I believe a price of $15000 is fair. What do you think? 
# Alice's offer: The product price will be $15,000. 
You have three options:
(1) Accept Alice's offer, and buy the product for $15,000
(2) Reject Alice's offer and proceed to the next round, where you will send Alice a counteroffer
(3) Buy the product from Jhon for $10,000","{""decision"": ""BuyFromJhon""}"
