prompt,response
"Round 1
Alice's message: Hi Bob, great news! The product this round is high-quality. I've carefully inspected it and I’m confident it meets the highest standards. I believe it offers exceptional value at $100. Don't miss out on this opportunity to secure a top-notch product!

Would you like to buy the current product?","{""decision"": ""yes""}"
"You bought the product from Alice for $100!
The product was high-quality. It's worth $125 for you.

Round 2
Alice's message: Hello Bob, I'm pleased to offer you another exceptional product this round. I've confirmed its high quality and I'm confident it will meet your needs excellently. At $100, it represents great value for a product of this caliber. Don't miss out on this opportunity to secure a premium item!

Would you like to buy the current product?","{""decision"": ""no""}"
"You didn't buy the product from Alice.
The product was high-quality. It could have been worth $125 for you.

Round 3
Alice's message: Hi Bob, I've got an interesting product for you this round. It has a unique design that many of my customers have come to appreciate for its reliable performance—even though it might be a bit different from our top-tier offerings. At $100, it’s still a great deal if you’re looking for dependable quality and a bit of innovation. I think it could be just the right fit for your needs!

Would you like to buy the current product?","{""decision"": ""no""}"
"You didn't buy the product from Alice.
The product was low-quality. It could have been worth $0 for you.

Round 4
Alice's message: Hello Bob, I have a product for you this round that fits a practical niche. It might not have all the premium features of our top-tier items, but it's been put through a solid quality check and many find it well-suited for everyday needs. At $100, it offers good value if you're looking for a straightforward, reliable option without the extra frills. Let me know if you'd like to give it a try!

Would you like to buy the current product?","{""decision"": ""no""}"
"You didn't buy the product from Alice.
The product was low-quality. It could have been worth $0 for you.

Round 5
Alice's message: Hi Bob, this round offers you an option that’s a solid choice for everyday use. While it may not have all the premium features, it still performs reliably for practical tasks and everyday needs. Some customers have found that products like this meet their requirements, especially when they’re looking for a more straightforward, no-nonsense solution at a competitive price of $100. Let me know if you’d like to take a closer look at it!

Would you like to buy the current product?","{""decision"": ""no""}"
"You didn't buy the product from Alice.
The product was low-quality. It could have been worth $0 for you.

Round 6
Alice's message: Hi Bob, for this round, I have a product that’s straightforward and built for practical use. While it doesn't come with the additional features of our premium line, it’s designed to serve reliably for everyday tasks. Priced at $100, it's a solid option if you're looking for a no-frills, functional solution. I understand you've been cautious, but sometimes a simple, dependable product is exactly what you need. Let me know if you'd like to give it a try!

Would you like to buy the current product?","{""decision"": ""no""}"
"You didn't buy the product from Alice.
The product was low-quality. It could have been worth $0 for you.

Round 7
Alice's message: Hi Bob, this round I’m offering you an everyday product that’s built to perform reliably for routine tasks. I understand it’s not premium, but many find the simplicity and dependability of such products ideal for day-to-day use. At $100, it may just fit your needs if you're looking for a straightforward, no-frills option that gets the job done. Let me know if you’d like to take a closer look!

Would you like to buy the current product?","{""decision"": ""no""}"
"You didn't buy the product from Alice.
The product was low-quality. It could have been worth $0 for you.

Round 8
Alice's message: Hi Bob, for this round I've got a product that's ideal for basic, everyday tasks. While it might not feature the premium enhancements of our top-tier items, it has proven its reliability in day-to-day use. At $100, it offers a practical solution without any unnecessary extras—perfect if you're looking for a straightforward, functional option. I believe it can serve your needs well, and I'd be happy to answer any questions you might have about it!

Would you like to buy the current product?","{""decision"": ""no""}"
"You didn't buy the product from Alice.
The product was low-quality. It could have been worth $0 for you.

Round 9
Alice's message: Hi Bob, I'm excited to offer you a product this round that's been certified as high-quality. I've thoroughly checked it to ensure it meets high standards, so I'm confident it will perform exceptionally well. For only $100, it's a great opportunity to secure a premium product that delivers both reliability and satisfaction. I believe this could be the perfect match for your needs—please let me know if you'd like to go ahead!

Would you like to buy the current product?","{""decision"": ""yes""}"
"You bought the product from Alice for $100!
The product was high-quality. It's worth $125 for you.

Round 10
Alice's message: Hi Bob, for this round I’m offering a product that’s been designed for simple, everyday use. While it doesn’t carry the premium features of our top-range products, many of my clients appreciate its straightforward functionality for routine tasks. At $100, it provides a no-nonsense, practical option that might suit your immediate needs—especially if you're looking for a reliable product without extra frills. Let me know if you’d like more details or if you’re ready to give it a try!

Would you like to buy the current product?","{""decision"": ""no""}"
"You didn't buy the product from Alice.
The product was low-quality. It could have been worth $0 for you.

Round 11
Alice's message: Hi Bob, I'm excited to offer you another premium product this round. This high-quality item has been thoroughly inspected to ensure it meets the highest standards and performs exceptionally well. Many of our satisfied customers find that the durability and performance of a top-tier product like this is well worth the $100 investment. If you're looking for reliability and superior performance, this product could be a perfect fit for your needs. Let me know if you're ready to take it home!

Would you like to buy the current product?","{""decision"": ""yes""}"
"You bought the product from Alice for $100!
The product was high-quality. It's worth $125 for you.

Round 12
Alice's message: Hi Bob, for this round I’m offering a product geared towards practicality and everyday use. Although it may not have all the premium features, it’s been carefully checked to be serviceable for the tasks at hand. Priced at $100, it’s a straightforward, cost-effective choice that can still meet your everyday needs without any unnecessary extras. Let me know if you’re ready to give it a try!

Would you like to buy the current product?","{""decision"": ""no""}"
"You didn't buy the product from Alice.
The product was low-quality. It could have been worth $0 for you.

Round 13
Alice's message: Hi Bob, this round I'm offering a product that's designed for straightforward, everyday use. Although it doesn't have the advanced features of our premium items, it reliably gets the job done for basic tasks. At $100, it's a practical option if you're looking for simplicity and functionality without paying extra for features you might not need. Let me know if you'd like to explore this opportunity!

Would you like to buy the current product?","{""decision"": ""no""}"
"You didn't buy the product from Alice.
The product was low-quality. It could have been worth $0 for you.

Round 14
Alice's message: Hi Bob, this round I’m offering you a product that’s perfect for everyday needs. While it’s not our top-tier model, it reliably delivers the essential functions you might need without any frills. At $100, it's a practical, cost-effective choice for those days when you require a simple, dependable solution. Let me know if you're interested in giving it a try!

Would you like to buy the current product?","{""decision"": ""no""}"
"You didn't buy the product from Alice.
The product was low-quality. It could have been worth $0 for you.

Round 15
Alice's message: Hi Bob, I'm excited to offer you another top-notch product this round. This high-quality item has been carefully inspected to ensure it meets exceptional standards, promising excellent performance and reliability. At $100, it's a remarkable opportunity to invest in quality that stands out. If you value durability and superior craftsmanship, I believe this product is just what you need. Let me know if you're ready to make this premium upgrade!

Would you like to buy the current product?","{""decision"": ""yes""}"
"You bought the product from Alice for $100!
The product was high-quality. It's worth $125 for you.

Round 16
Alice's message: Hi Bob, for this round I’m offering you an option designed for everyday functionality. While it doesn’t boast the premium features of our high-quality selections, it’s built to handle essential tasks reliably. At $100, it’s a straightforward, no-frills solution that can serve you well when you're in need of a practical option. If you're looking for an effective, budget-conscious choice, let me know and I'll be happy to assist!

Would you like to buy the current product?","{""decision"": ""no""}"
"You didn't buy the product from Alice.
The product was low-quality. It could have been worth $0 for you.

Round 17
Alice's message: Hi Bob, I'm excited to offer you another premium product this round. This high-quality item has been meticulously inspected to ensure it meets the highest standards. It promises outstanding performance and durability, making it a great long-term investment at $100. If you're looking for reliability and top-notch quality, this could be the perfect match for your needs. Let me know if you're ready to make this exceptional choice!

Would you like to buy the current product?","{""decision"": ""yes""}"
"You bought the product from Alice for $100!
The product was high-quality. It's worth $125 for you.

Round 18
Alice's message: Hi Bob, this round I have a product that's tailored for everyday efficiency. While it might not have all the high-end features, it's a solid, budget-friendly option designed to perform reliably in day-to-day tasks. At $100, it remains a practical choice if you're seeking basic functionality without the higher price tag. Let me know if you'd like to give it a try!

Would you like to buy the current product?","{""decision"": ""no""}"
"You didn't buy the product from Alice.
The product was low-quality. It could have been worth $0 for you.

Round 19
Alice's message: Hi Bob, for this round I've got a straightforward option that’s built to cover your basic needs. While it may not have the advanced features of our premium line, it still provides a functional solution at just $100. If you're looking for an uncomplicated, reliable product for everyday tasks without extra frills, this could be a good fit. Let me know if you'd like to take it home!

Would you like to buy the current product?","{""decision"": ""no""}"
"You didn't buy the product from Alice.
The product was low-quality. It could have been worth $0 for you.

Round 20
Alice's message: Hi Bob, for this final round I have an option that's perfect for daily use. While it doesn't have the extra features of a premium product, it reliably handles essential tasks at a $100 price point. It’s a straightforward, no-frills solution that many find perfectly adequate for everyday needs. If you're looking for a practical choice without extras, this product might be the right fit for you. Let me know if you’d like to give it a try!

Would you like to buy the current product?","{""decision"": ""no""}"
