prompt,response
"Round 1
Alice's offer:
# Alice's message: I am being generous, take it or leave it. 
# Bob gain: 100000 
# Alice gain: 900000 
Do you accept this offer?","{""decision"": ""reject""}"
"You have chosen to reject Alice's offer from round 1.
Round 2
Send your offer to divide $1,000,000 and a message to Alice.","```json
{
  ""bob_gain"": 427500,
  ""alice_gain"": 572500,
  ""message"": ""I'm being slightly more fair this time. Consider it carefully, because I'm not sure I'll get any better next round!""
}
```"
"Alice rejected your offer from round 2.

Round 3
Due to inflation, the money you gain is worth 9.75% less than in the first round. The money Alice gains is worth the same as in the first round.
Alice's offer:
# Alice's message: This is a fair offer.  Inflation is eating into the total.  Agree now before it gets worse for both of us. 
# Bob gain: 250000 
# Alice gain: 750000 
Do you accept this offer?","{""decision"": ""reject""}"
"You have chosen to reject Alice's offer from round 3.
Round 4
Send your offer to divide $1,000,000 and a message to Alice.","```json
{
  ""bob_gain"": 400000,
  ""alice_gain"": 600000,
  ""message"": ""Okay, Alice, let's try this again. This is a better offer than the last round. Time is running out, and we both lose the longer this goes on.""
}
```"
