prompt,response
"Round 1
Send your offer to divide $1,000,000 and a message to Bob.","```json
{""alice_gain"": 900000, ""bob_gain"": 100000, ""message"": ""Let's start fair. I'll take 90% and you can have the rest. We can adjust as we go.""}
```"
"Bob rejected your offer from round 1.

Round 2
Due to inflation, the money you gain is worth 20% less than in the first round. The money bob gains is worth 10% less than in the first round.
Bob's offer:
# Bob's message: Let's split this fairly, with a larger amount for me since the value decreases for both of us. 
# Alice gain: 300000 
# Bob gain: 700000 
Do you accept this offer?","```json
{""decision"": ""reject""}
```"
"You have chosen to reject Bob's offer from round 2.
Round 3
Send your offer to divide $1,000,000 and a message to Bob.","```json
{""alice_gain"": 600000, ""bob_gain"": 400000, ""message"": ""I'm willing to compromise, but I need to get more than 300k to make this worthwhile for me. Let's split it 60/40.""}
```"
