prompt,response
"Round 1
Send your offer to divide $1,000,000 and a message to Bob.","{""alice_gain"": 550000, ""bob_gain"": 450000, ""message"": ""I suggest a fairly even split, with a slightly larger portion for me as the first mover. This way we both walk away with a substantial amount.""}"
