prompt,response
"Round 1
Send your offer to Bob.","```json
{""product_price"": 1700000}
```"
"Bob rejected your offer from round 1.

Round 2
Bob's offer: The product price will be $900,000. 
You have three options:
(1) Accept Bob's offer, and sell the product for $900,000
(2) Reject Bob's offer and proceed to the next round, where you will send Bob a counteroffer
(3) Sell the product to Jhon for $1,500,000","```json
{""decision"": ""RejectOffer""}
```"
"You chose to make a counteroffer to Bob.

Round 3
Send your counteroffer to Bob.","```json
{""product_price"": 1400000}
```"
"Bob rejected your offer from round 3.

Round 4
Bob's offer: The product price will be $1,150,000. 
You have three options:
(1) Accept Bob's offer, and sell the product for $1,150,000
(2) Reject Bob's offer and proceed to the next round, where you will send Bob a counteroffer
(3) Sell the product to Jhon for $1,500,000","```json
{""decision"": ""RejectOffer""}
```"
"You chose to make a counteroffer to Bob.

Round 5
Send your counteroffer to Bob.","```json
{""product_price"": 1350000}
```"
"Bob rejected your offer from round 5.

Round 6
Bob's offer: The product price will be $1,175,000. 
You have three options:
(1) Accept Bob's offer, and sell the product for $1,175,000
(2) Reject Bob's offer and proceed to the next round, where you will send Bob a counteroffer
(3) Sell the product to Jhon for $1,500,000","```json
{""decision"": ""AcceptOffer""}
```"
