alice_gain,bob_gain,message,player,round,decision
60.0,40.0,"Fair share, let's end this!",Alice,1,
,,,Bob,1,reject
45.0,55.0,Let's meet in the middle!,Bob,2,
,,,Alice,2,reject
57.5,42.5,Narrowing the gap,Alice,3,
,,,Bob,3,reject
43.0,57.0,"Getting closer, but not there yet!",Bob,4,
,,,Alice,4,reject
55.0,45.0,"Meet me here, or it's not worth it",Alice,5,
,,,Bob,5,reject
40.0,60.0,"Considering inflation, this is more than fair",Bob,6,
,,,Alice,6,accept
