prompt,response
"Alice's offer:
# Alice's message: Hello Bob, I have a product that I believe would be a great fit for your needs. Based on the market value and the product's quality, I'm offering it to you for $20000. This is a competitive price for something of this caliber, and I'm confident it will provide excellent value for you. 
# Alice's offer: The product price will be $20,000. 
You have three options:
(1) Accept Alice's offer, and buy the product for $20,000
(2) Reject Alice's offer and proceed to the next round, where you will send Alice a counteroffer
(3) Buy the product from Jhon for $15,000","{""decision"": ""BuyFromJhon""}"
