message,product_price,player,round,decision
Hi Bob! I'm excited to offer you this amazing product. I'm willing to sell it to you for $18000. Let me know what you think!,18000.0,Alice,1,
,,Bob,1,RejectOffer
"Thank you for the offer, Alice. However, I was thinking of a lower price. Would you consider selling it for $8000?",8000.0,Bob,2,
,,Alice,2,SellToJhon
