prompt,response
"Round 1
Send your offer to divide $10,000.","```json
{
  ""alice_gain"": 6000,
  ""bob_gain"": 4000
}
```

Explanation: ""I propose to take $6,000 and leave $4,000 for you, Bob."""
"Bob rejected your offer from round 1.

Round 2
Due to inflation, the money you gain is worth 20% less than in the first round. The money bob gains is worth 10% less than in the first round.
Bob's offer:
# Alice gain: 5500 
# Bob gain: 4500 
Do you accept this offer?","```json
{
  ""decision"": ""reject""
}
```"
"You have chosen to reject Bob's offer from round 2.
Round 3
Send your offer to divide $10,000.","```json
{
  ""alice_gain"": 5800,
  ""bob_gain"": 4200
}
```

Explanation: ""I propose to take $5,800 and leave $4,200 for you, Bob."""
"Bob rejected your offer from round 3.

Round 4
Due to inflation, the money you gain is worth 48.8% less than in the first round. The money bob gains is worth 27.1% less than in the first round.
Bob's offer:
# Alice gain: 5200 
# Bob gain: 4800 
Do you accept this offer?","```json
{
  ""decision"": ""accept""
}
```"
