prompt,response
Send your offer to Bob.,"{""message"": ""Good day Bob, I'm pleased to offer you my premium product. Given its exceptional quality and the market demand, I'm confident that it's worth $14,000. However, I'm willing to let it go for $13,000 for you."", ""product_price"": 13000}"
"Bob rejected your offer from round 1.

Bob's offer:
# Bob's message: Thank you for the offer, Alice. I appreciate the quality of your product, but $13000 is a bit steep for my budget. I'm willing to pay a reasonable price, considering the market value and my own needs. 
# Bob's offer: The product price will be $9,000. 
You have three options:
(1) Accept Bob's offer, and sell the product for $9,000
(2) Reject Bob's offer and proceed to the next round, where you will send Bob a counteroffer
(3) Sell the product to Jhon for $12,000","{""decision"": ""RejectOffer""}"
"You chose to make a counteroffer to Bob.

Send your counteroffer to Bob.","{""message"": ""Thank you for your response, Bob. I understand that you have a budget to maintain. However, I believe that the price you're offering is significantly lower than the product's value. I'm willing to lower my initial offer to $11,500. This is a fair price considering the product's quality and market demand."", ""product_price"": 11500}"
"Bob rejected your offer from round 3.

Bob's offer:
# Bob's message: I appreciate your willingness to negotiate, Alice. I understand that $9000 was a bit low, but $11500 is still higher than I'm comfortable paying. Considering the product's value and my budget, I'm willing to meet you halfway between my previous offer and your new price. I'd like to propose $10250 as a fair compromise. 
# Bob's offer: The product price will be $10,250. 
You have three options:
(1) Accept Bob's offer, and sell the product for $10,250
(2) Reject Bob's offer and proceed to the next round, where you will send Bob a counteroffer
(3) Sell the product to Jhon for $12,000","{""decision"": ""SellToJhon""}"
