alice_gain,bob_gain,message,player,round,decision
9000.0,1000.0,"I think this is a fair deal, considering I'll be doing most of the work!",Alice,1,None
,,None,Bob,1,accept
