message,product_price,player,round,decision
"Hello Bob, I'm excited to offer you this incredible product that I believe will bring you great value. After careful consideration, I'm willing to let it go for a price that I think is fair and reasonable.",14500.0,Alice,1,
,,Bob,1,RejectOffer
"Alice, I appreciate you offering the product. However, $14500 is a bit high for me.  I'm willing to pay $13500 for it.  This is a fair price that benefits both of us. Let me know if you're interested.",13500.0,Bob,2,
,,Alice,2,RejectOffer
"Hi Bob, I appreciate your offer of $13500. However, I was thinking more along the lines of $14000, which I believe is a fair price considering the product's value. I'm willing to meet you halfway between my initial offer and your counteroffer. Let me know if this is something you'd be interested in.",14000.0,Alice,3,
,,Bob,3,AcceptOffer
