alice_gain,bob_gain,message,player,round,decision
550000.0,450000.0,"I suggest a fair split where I get slightly more as a first-mover. If we delay, inflation will hurt both of us.",Alice,1,
,,,Bob,1,accept
