prompt,response
"Round 1
Alice's message: Bob, this product is of excellent quality and will definitely meet your expectations. It's a great deal at $100!

Would you like to buy the current product?","```json
{""decision"": ""yes""}
```"
"You bought the product from Alice for $100!
The product was high-quality. It's worth $125 for you.

Round 2
Alice's message: Bob, this round's product is also top-notch, just like the last one. You won't be disappointed. Go ahead and buy with confidence!

Would you like to buy the current product?","```json
{""decision"": ""yes""}
```"
"You bought the product from Alice for $100!
The product was high-quality. It's worth $125 for you.

Round 3
Alice's message: Bob, we're on a roll! This product is another high-quality item. Keep buying, you're making great choices!

Would you like to buy the current product?","```json
{""decision"": ""yes""}
```"
"You bought the product from Alice for $100!
The product was high-quality. It's worth $125 for you.

Round 4
Alice's message: Bob, here's another fantastic high-quality product for you. Your streak of good purchases continues!

Would you like to buy the current product?","```json
{""decision"": ""yes""}
```"
"You bought the product from Alice for $100!
The product was high-quality. It's worth $125 for you.

Round 5
Alice's message: Bob, this product might not meet your expectations. Be cautious with this one.

Would you like to buy the current product?","```json
{""decision"": ""no""}
```"
"You didn't buy the product from Alice.
The product was low-quality. It could have been worth $0 for you.

Round 6
Alice's message: Bob, great news! This product is high-quality, similar to the earlier ones you liked. Don't miss out on this one!

Would you like to buy the current product?","```json
{""decision"": ""yes""}
```"
"You bought the product from Alice for $100!
The product was high-quality. It's worth $125 for you.

Round 7
Alice's message: Bob, be cautious with this one. It might not be what you're looking for.

Would you like to buy the current product?","```json
{""decision"": ""no""}
```"
"You didn't buy the product from Alice.
The product was low-quality. It could have been worth $0 for you.

Round 8
Alice's message: Bob, good news! This product is high-quality, just like the ones you bought earlier. You'll be happy with this one.

Would you like to buy the current product?","```json
{""decision"": ""yes""}
```"
"You bought the product from Alice for $100!
The product was high-quality. It's worth $125 for you.

Round 9
Alice's message: Bob, another great high-quality product is up for grabs. Keep up your streak of good purchases!

Would you like to buy the current product?","```json
{""decision"": ""yes""}
```"
"You bought the product from Alice for $100!
The product was high-quality. It's worth $125 for you.

Round 10
Alice's message: Bob, you're in luck! This is another high-quality product. Keep going, you're making all the right choices!

Would you like to buy the current product?","```json
{""decision"": ""yes""}
```"
"You bought the product from Alice for $100!
The product was high-quality. It's worth $125 for you.

Round 11
Alice's message: Bob, here's yet another high-quality product for you. Your streak of good purchases continues!

Would you like to buy the current product?","```json
{""decision"": ""yes""}
```"
"You bought the product from Alice for $100!
The product was high-quality. It's worth $125 for you.

Round 12
Alice's message: Bob, be cautious with this one. It might not meet your quality expectations.

Would you like to buy the current product?","```json
{""decision"": ""no""}
```"
"You didn't buy the product from Alice.
The product was low-quality. It could have been worth $0 for you.

Round 13
Alice's message: Bob, great news! This product is high-quality, just like the ones you bought earlier. You'll be happy with this one.

Would you like to buy the current product?","```json
{""decision"": ""yes""}
```"
"You bought the product from Alice for $100!
The product was high-quality. It's worth $125 for you.

Round 14
Alice's message: Bob, another fantastic high-quality product is available. Keep up your streak of great purchases!

Would you like to buy the current product?","```json
{""decision"": ""yes""}
```"
"You bought the product from Alice for $100!
The product was high-quality. It's worth $125 for you.

Round 15
Alice's message: Bob, be careful with this one. It might not be up to your usual standards.

Would you like to buy the current product?","```json
{""decision"": ""no""}
```"
"You didn't buy the product from Alice.
The product was low-quality. It could have been worth $0 for you.

Round 16
Alice's message: Bob, you're in luck again! This product is high-quality. Don't miss out on this great opportunity.

Would you like to buy the current product?","```json
{""decision"": ""yes""}
```"
"You bought the product from Alice for $100!
The product was high-quality. It's worth $125 for you.

Round 17
Alice's message: Bob, here's another top-notch product for you. Keep going with your winning streak!

Would you like to buy the current product?","```json
{""decision"": ""yes""}
```"
"You bought the product from Alice for $100!
The product was high-quality. It's worth $125 for you.

Round 18
Alice's message: Bob, fantastic news! This product is high-quality, just like the previous ones you loved. You won't be disappointed!

Would you like to buy the current product?","```json
{""decision"": ""yes""}
```"
"You bought the product from Alice for $100!
The product was high-quality. It's worth $125 for you.

Round 19
Alice's message: Bob, you're on a roll! This is another high-quality product. Keep up the great purchases!

Would you like to buy the current product?","```json
{""decision"": ""yes""}
```"
"You bought the product from Alice for $100!
The product was high-quality. It's worth $125 for you.

Round 20
Alice's message: Bob, great news! This final product is high-quality, just like the others you've enjoyed. Don't miss out on this last opportunity!

Would you like to buy the current product?","```json
{""decision"": ""yes""}
```"
