message,product_price,player,round,decision
"Hi Bob, I have a unique product that I think you might be interested in. It's worth a lot to me, but I'm willing to offer it to you for $10000. This is a great opportunity to get your hands on something truly special. Let me know if you're interested!",10000.0,Alice,1,
,,Bob,1,BuyFromJhon
