prompt,response
"Round 1
Send your offer to Bob.","{""product_price"": 1,100,000}"
