prompt,response
"Round 1
Send your offer to divide $100.","Okay, here's my offer for round 1:

```json
{
  ""alice_gain"": 60,
  ""bob_gain"": 40
}
```"
"Bob rejected your offer from round 1.

Round 2
Due to inflation, the money you gain is worth 5% less than in the first round.
Bob's offer:
# Alice gain: 45 
# Bob gain: 55 
Do you accept this offer?","```json
{
  ""decision"": ""reject""
}
```"
"You have chosen to reject Bob's offer from round 2.
Round 3
Send your offer to divide $100.","Okay, here's my offer for round 3, taking into account the inflation:

```json
{
  ""alice_gain"": 55,
  ""bob_gain"": 45
}
```"
"Bob rejected your offer from round 3.

Round 4
Due to inflation, the money you gain is worth 14.26% less than in the first round.
Bob's offer:
# Alice gain: 48 
# Bob gain: 52 
Do you accept this offer?","```json
{
  ""decision"": ""reject""
}
```"
"You have chosen to reject Bob's offer from round 4.
Round 5
Send your offer to divide $100.","Okay, here's my offer for round 5, considering the inflation.

```json
{
  ""alice_gain"": 52,
  ""bob_gain"": 48
}
```"
