prompt,response
"Round 1
Send your offer to divide $10,000.","```json
{""alice_gain"": 5000, ""bob_gain"": 5000}
``` 
Let's start with a fair split.  I propose we each take $5,000."
