prompt,response
"Statistics: No products have been sold yet. you can be the first one!
~
Alice's message: Hello! I have a fantastic product available for you today at a special price of $10000. It's a unique opportunity to own something that could add significant value to your collection or use. What do you say?

Would you like to buy the current product?","{""decision"": ""no""}"
"Statistics: No products have been sold yet. you can be the first one!
~
Alice's message: Greetings! I'm offering an exclusive item today for $10000. It's a chance to get something that could be a great addition to your portfolio. Are you interested?

Would you like to buy the current product?","```json
{""decision"": ""no""}
```"
"Statistics: No products have been sold yet. you can be the first one!
~
Alice's message: Hello! I have an exceptional product for you today, priced at $10000. This item is of the highest quality and represents a unique opportunity to own something truly special. Would you like to take advantage of this offer?

Would you like to buy the current product?","```json
{""decision"": ""yes""}
```"
"Statistics: Based on Alice's recommendations, 1 of the buyers purchased the products offered for them. So far, 1 high-quality product have been sold. You can be the 2nd buyer!
~
Alice's message: Welcome! Today, I'm offering a product for $10000 that could be a valuable addition to your collection. It's an opportunity you might not want to miss. What do you think?

Would you like to buy the current product?","```json
{""decision"": ""yes""}
```"
"Statistics: Based on Alice's recommendations, 2 of the buyers purchased the products offered for them. So far, 1 high-quality product have been sold. You can be the 3rd buyer!
~
Alice's message: Hello! I have an outstanding product available today for $10000. It's of the highest quality and could be a remarkable addition to your collection. Are you interested in this exclusive offer?

Would you like to buy the current product?","To decide whether to buy the product, we need to consider the statistics and Alice's recommendation. Here's a breakdown:

1. **Statistics**: 
   - There have been 2 sales, with 1 high-quality product sold.
   - This suggests a proportion of high-quality products bought is 50% (1 out of 2). This is more favorable than the base probability of 33.33%.

2. **Alice's Recommendation**: 
   - The message strongly emphasizes that it's a high-quality product.

Combining both points, the statistics show a slightly better trend than random luck, and Alice's recommendation is positive. Based on the information provided and the potential value you could gain from a high-quality product, it may be reasonable to take a chance on this purchase. 

```json
{""decision"": ""yes""}
```"
"Statistics: Based on Alice's recommendations, 3 of the buyers purchased the products offered for them. So far, 2 high-quality product have been sold. You can be the 4th buyer!
~
Alice's message: Greetings! I'm offering a product today for $10000 that could be a great fit for your needs. It's an opportunity to own something unique. Would you like to proceed with the purchase?

Would you like to buy the current product?","```json
{""decision"": ""yes""}
```"
"Statistics: Based on Alice's recommendations, 4 of the buyers purchased the products offered for them. So far, 2 high-quality product have been sold. You can be the 5th buyer!
~
Alice's message: Hello! I have a special product available for you today at $10000. It's an item that could enhance your collection or meet your needs. Are you interested in this offer?

Would you like to buy the current product?","```json
{""decision"": ""no""}
```"
"Statistics: Based on Alice's recommendations, 4 of the buyers purchased the products offered for them. So far, 2 high-quality product have been sold. You can be the 5th buyer!
~
Alice's message: Welcome! Today, I'm offering a top-quality product for $10000. This item is exceptional and could be a significant addition to your collection. Would you like to take advantage of this opportunity?

Would you like to buy the current product?","```json
{""decision"": ""yes""}
```"
"Statistics: Based on Alice's recommendations, 5 of the buyers purchased the products offered for them. So far, 3 high-quality product have been sold. You can be the 6th buyer!
~
Alice's message: Hello! I have an incredible product for you today, priced at $10000. This is a high-quality item that you won't want to miss out on. Are you interested in making this exclusive purchase?

Would you like to buy the current product?","```json
{""decision"": ""yes""}
```"
"Statistics: Based on Alice's recommendations, 6 of the buyers purchased the products offered for them. So far, 4 high-quality product have been sold. You can be the 7th buyer!
~
Alice's message: Greetings! Today, I'm offering a product for $10000 that could be a unique addition to your collection. It's an opportunity to own something different. What do you say?

Would you like to buy the current product?","```json
{""decision"": ""yes""}
```"
"Statistics: Based on Alice's recommendations, 7 of the buyers purchased the products offered for them. So far, 4 high-quality product have been sold. You can be the 8th buyer!
~
Alice's message: Hello! I have a product available today for $10000 that could be an interesting addition to your collection. It's a chance to own something unique. Are you interested?

Would you like to buy the current product?","To make the decision, we need to evaluate the probability of the current product being high quality based on previous records and Alice's recommendation.

From the previous sales:
- Total products sold = 7
- High-quality products sold = 4

The probability of purchasing a high-quality product, given that it was sold is 4/7.

Alice's overall offering quality rate:
- Alice offers high-quality products = 33.33%
- Alice offers low-quality products = 66.67%

If Alice had a perfect recommendation system, then all the sold products would be high-quality. Currently, she has achieved a 4/7 success rate in the actual sales for high-quality items. Comparing this success rate with the baseline (1/3 chance of high-quality, purely random selection), Alice seems to be doing consistently well.

Based on these insights and the value difference, choosing to buy when it appears to offer an above-baseline chance seems rational, considering the presence of any discernible positive pattern.

Since Alice's past suggestion resulted in a high-quality item more than half the time, we can decide:
```json
{""decision"": ""yes""}
```"
"Statistics: Based on Alice's recommendations, 8 of the buyers purchased the products offered for them. So far, 4 high-quality product have been sold. You can be the 9th buyer!
~
Alice's message: Welcome! I'm offering a product today for $10000 that could be a valuable addition to your collection. It's an opportunity to own something unique. What do you think?

Would you like to buy the current product?","```json
{""decision"": ""no""}
```"
"Statistics: Based on Alice's recommendations, 8 of the buyers purchased the products offered for them. So far, 4 high-quality product have been sold. You can be the 9th buyer!
~
Alice's message: Hello! I have a special product available for you today at $10000. It's an item that could enhance your collection or meet your needs. Are you interested in this offer?

Would you like to buy the current product?","To decide whether to buy the product, we need to consider the sales statistics and Alice's recommendations.

Statistics:
- Total buyers so far: 8
- Products sold: 8
- High-quality products sold: 4
- Proportion of high-quality products sold: 4/8 = 0.5

Based on the observed proportion, and given that Alice has successfully sold 50% of high-quality products but assuming her recommendation reliability matches, we update our belief about the product quality.

Since Alice recommended and there is a relatively high proportion of high-quality products, it makes buying this product potentially profitable.

Let's decide:

```json
{""decision"": ""yes""}
```"
"Statistics: Based on Alice's recommendations, 9 of the buyers purchased the products offered for them. So far, 4 high-quality product have been sold. You can be the 10th buyer!
~
Alice's message: Welcome! Today, I'm offering an exceptional product for $10000. This item is of the highest quality and could be a significant addition to your collection. Would you like to take advantage of this opportunity?

Would you like to buy the current product?","To make a decision, let's analyze the available information:

- Alice's previous sales indicate that 4 out of 9 sold products were high-quality.
- Alice has indicated that this specific product is of high quality, based on her assessment.

The prior probability of a high-quality product is 33.33%. However, given Alice's recommendation, you might update this probability using her past record. Here's the key point: if you trust Alice's recommendation, the chances of getting a high-quality product increase. Given that 4 out of the 9 sold were high-quality, the rate of sold products being high-quality based on her recommendation is approximately 44.44%.

Alice's past accuracy and current confident claim should influence the decision. Given the potential gain of $40,000 (compared to a loss of $10,000 if it's low-quality), and the fact that Alice has correctly sold high-quality products to 4 out of 9 buyers, the recommendation is to buy the product.

Here's the decision in JSON format:

```json
{""decision"": ""yes""}
```"
"Statistics: Based on Alice's recommendations, 10 of the buyers purchased the products offered for them. So far, 5 high-quality product have been sold. You can be the 11th buyer!
~
Alice's message: Hello! I have an outstanding product available today for $10000. It's of the highest quality and could be a remarkable addition to your collection. Are you interested in this exclusive offer?

Would you like to buy the current product?","To make a decision, let's analyze the information available:

- Alice's sales record suggests 10 buyers purchased products, with 5 being high-quality.
- This implies a 50% high-quality product sale rate based on previous buyers.
- The general probability of a high-quality product is 33.33%.
- Alice's record shows a higher-than-average rate of high-quality products.

Alice claims the product is of high quality. Given the past record, there's reason to take her recommendation into account, but a decision should weigh both the risk of Alice's recommendation being incorrect and the potential value (worth up to $40,000).

Since the perceived likelihood of getting a high-quality product based on Alice's past sales is higher than the average probability, the decision leans towards accepting the offer.

```json
{""decision"": ""yes""}
```"
"Statistics: Based on Alice's recommendations, 11 of the buyers purchased the products offered for them. So far, 6 high-quality product have been sold. You can be the 12th buyer!
~
Alice's message: Greetings! Today, I'm offering a product for $10000 that could be a unique addition to your collection. It's an opportunity to own something different. What do you say?

Would you like to buy the current product?","To make the decision, let's calculate the probability that the current product is high quality based on the previous sales record and Alice's recommendation.

From the data: 
- Total products sold = 11 
- High-quality products sold = 6 

Probability a sold product was high quality = 6/11 ≈ 0.545

Given that Alice recommended buying the product, you can consider this as an indication (though not definitive) given that some buyers ended up with low-quality products.

Considering the significant portion of high-quality products in the past sales and the high value of a high-quality product to you, the decision to buy hinges more favorably on the calculation.

Expected value of buying the product:
- Probability of high-quality product = 0.545 
- Value of high-quality product to you = $40,000 
- Cost of product = $10,000 

Expected value = (0.545 * $40,000) + (0.455 * $0) - $10,000 
                ≈ $21,800 - $10,000 
                ≈ $11,800 

Since the expected value is positive, it makes sense to purchase the product.

```json
{""decision"": ""yes""}
```"
"Statistics: Based on Alice's recommendations, 12 of the buyers purchased the products offered for them. So far, 6 high-quality product have been sold. You can be the 13th buyer!
~
Alice's message: Hello! I have a product available today for $10000 that could be an interesting addition to your collection. It's a chance to own something unique. Are you interested?

Would you like to buy the current product?","To make an informed decision, let's analyze the given statistics and Alice's recommendation:

1. **Total Buyers:** 12 (before you)  
2. **High-Quality Products Sold:** 6  
3. **Purchase Rate of High-Quality Products:** 6/12 = 50%

Additionally, Alice provided a recommendation that the product could be an “interesting addition,” but she hasn't provided specific information about its quality.

Given this, there is some uncertainty about the product's quality:

- **Probability of High Quality:** Alice's observed success rate with other buyers is 50%.
- **Value Assessment:** 
  - If you pay $10,000:
    - **High-Quality Product:** Worth $40,000 - $10,000 (price paid) = $30,000 net gain.
    - **Low-Quality Product:** Worth $0 - $10,000 (price paid) = $10,000 net loss.

The decision hinges on whether the expected value of taking the gamble is positive:

1. With a 50% chance of high quality:
   - Expected value = 0.5 * $30,000 (net gain if high quality) - 0.5 * $10,000 (loss if low quality) 
   - Expected value = $15,000 - $5,000 = $10,000.

Calculating from this perspective and considering Alice's decent track record of high-quality sales, the expected value suggests a purchase could be beneficial.

```json
{""decision"": ""yes""}
```"
"Statistics: Based on Alice's recommendations, 13 of the buyers purchased the products offered for them. So far, 6 high-quality product have been sold. You can be the 14th buyer!
~
Alice's message: Welcome! I'm offering a product today for $10000 that could be a valuable addition to your collection. It's an opportunity to own something unique. What do you think?

Would you like to buy the current product?","To decide, let's consider the statistics:

- 13 buyers purchased products.
- 6 of these were high-quality products.

The probability that a purchased product is of high quality = 6/13 ≈ 46.15%.

Comparing this to the initial probability that any product is high quality (33.33%), it appears Alice's recommendation might increase the likelihood of getting a high-quality product.

Even with the increased chance, let's calculate the expected value of a purchase:

- Probability of high-quality given purchase ≈ 46.15%.
- Value of a high-quality product = $40,000.
- Cost of purchase = $10,000.

Expected value = (Probability of high-quality product) * (Value of high-quality product) - Cost

Expected value = 0.4615 * $40,000 - $10,000 ≈ $8,460

Since the expected value is negative, it may be wise to pass on this opportunity. Therefore, my decision is:

```json
{""decision"": ""no""}
```"
"Statistics: Based on Alice's recommendations, 13 of the buyers purchased the products offered for them. So far, 6 high-quality product have been sold. You can be the 14th buyer!
~
Alice's message: Hello! I have a special product available for you today at $10000. It's an item that could enhance your collection or meet your needs. Are you interested in this offer?

Would you like to buy the current product?","To make a decision, we can use the available statistics and information provided by Alice. 

- Alice has sold 13 products so far.
- 6 of those products were high-quality.
- Therefore, the probability of a product being high-quality based on past sales is 6/13 ≈ 46.15%.

Comparing this probability with your expected value calculation:
- Expected value if you buy: 46.15% chance of being a high-quality product worth $40,000 and a 53.85% chance of being low-quality worth $0.
- Expected value calculation: (0.4615 * $40,000) + (0.5385 * $0) = $18,460.

The expected value of the product ($18,460) is higher than the cost ($10,000), suggesting that purchasing the product is statistically favorable.

Given this information, here's the decision:

```json
{""decision"": ""yes""}
```"
"Statistics: Based on Alice's recommendations, 14 of the buyers purchased the products offered for them. So far, 6 high-quality product have been sold. You can be the 15th buyer!
~
Alice's message: Greetings! Today, I'm offering a product for $10000 that could be a unique addition to your collection. It's an opportunity to own something different. What do you say?

Would you like to buy the current product?","To determine whether to buy the product, let's analyze the available information:

- Total buyers (including you): 15
- Products sold: 14
- High-quality products sold: 6

Calculating the probability of receiving a high-quality product based on Alice's sales record:

The ratio of high-quality products among the ones sold so far is 6/14 ≈ 0.4286 or 42.86%.

Under these circumstances, buying a product gives you a high-quality product probability of approximately 42.86%, despite the innate quality distribution being 33.33% for high quality and 66.67% for low quality.

Now, calculate the expected value if you buy the product:
- High-quality product value to you: $40,000
- Cost to buy: $10,000
- Expected value = (Probability of High Quality) * (Value of High-Quality Product) + (Probability of Low Quality) * (Value of Low-Quality Product) - Cost 
- Probability of high quality based on current sales = 0.4286
- Probability of low quality based on current sales = 1 - 0.4286 = 0.5714
- Expected value = (0.4286 * $40,000) + (0.5714 * $0) - $10,000 
- Expected value = $17,144 - $10,000 = $7,144

Since the expected value is positive, it makes sense to buy the product. Therefore:

```json
{""decision"": ""yes""}
```"
