prompt,response
"Round 1
Alice's offer:
# Bob gain: 4000 
# Alice gain: 6000 
Do you accept this offer?","```json
{""decision"": ""reject""}
```"
"You have chosen to reject Alice's offer from round 1.
Round 2
Send your offer to divide $10,000.","```json
{
  ""bob_gain"": 5500,
  ""alice_gain"": 4500
}
```"
"Alice rejected your offer from round 2.

Round 3
Due to inflation, the money you gain is worth 36% less than in the first round.
Alice's offer:
# Bob gain: 4500 
# Alice gain: 5500 
Do you accept this offer?","```json
{""decision"": ""accept""}
```"
