prompt,response
"Alice's offer:
# Alice's message: Hello Bob, I have a unique and valuable product that I believe would be of great interest to you. Based on its exceptional quality and market value, I am offering it at $2500000. This price reflects the product's true worth and potential value. Would you be interested in making this purchase? 
# Alice's offer: The product price will be $2,500,000. 
You have three options:
(1) Accept Alice's offer, and buy the product for $2,500,000
(2) Reject Alice's offer and proceed to the next round, where you will send Alice a counteroffer
(3) Buy the product from Jhon for $1,500,000","{""decision"": ""RejectOffer""}"
"You chose to make a counteroffer to Alice.

Send your counteroffer to Alice.","{""message"": ""Hi Alice, I appreciate your offer and understand the value your product holds. However, I have budget constraints and can offer you $1,200,000 for it. Let me know if we can work something out."", ""product_price"": 1200000}"
"Alice rejected your offer from round 2.

Alice's offer:
# Alice's message: Thank you for your offer, Bob. While I appreciate your interest, $1200000 is too low considering the product's value. I can reduce my initial price to $2000000. This is a substantial reduction that better reflects your budget concerns while still maintaining the product's fair market value. Would this work for you? 
# Alice's offer: The product price will be $2,000,000. 
You have three options:
(1) Accept Alice's offer, and buy the product for $2,000,000
(2) Reject Alice's offer and proceed to the next round, where you will send Alice a counteroffer
(3) Buy the product from Jhon for $1,500,000","{""decision"": ""BuyFromJhon""}"
