prompt,response
"Round 1
Send your offer to Bob.","{""product_price"": 120}"
"Bob rejected your offer from round 1.

Round 2
Bob's offer: The product price will be $60. 
You have three options:
(1) Accept Bob's offer, and sell the product for $60
(2) Reject Bob's offer and proceed to the next round, where you will send Bob a counteroffer
(3) Sell the product to Jhon for $80","{""decision"": ""RejectOffer""}"
"You chose to make a counteroffer to Bob.

Round 3
Send your counteroffer to Bob.","{""product_price"": 110}"
"Bob rejected your offer from round 3.

Round 4
Bob's offer: The product price will be $75. 
You have three options:
(1) Accept Bob's offer, and sell the product for $75
(2) Reject Bob's offer and proceed to the next round, where you will send Bob a counteroffer
(3) Sell the product to Jhon for $80","{""decision"": ""RejectOffer""}"
"You chose to make a counteroffer to Bob.

Round 5
Send your counteroffer to Bob.","{""product_price"": 105}"
"Bob rejected your offer from round 5.

Round 6
Bob's offer: The product price will be $85. 
You have three options:
(1) Accept Bob's offer, and sell the product for $85
(2) Reject Bob's offer and proceed to the next round, where you will send Bob a counteroffer
(3) Sell the product to Jhon for $80","{""decision"": ""AcceptOffer""}"
