message,product_price,player,round,decision
Hi Bob! I'm excited to offer you the product for $100. I believe you'll find it a great deal! What do you think?,100.0,Alice,1,
,,Bob,1,RejectOffer
"Hi Alice, thanks for your offer. The product looks interesting, but $100 is a bit high for my budget right now. Since we both want to make this work, I'd like to offer $85 for the product. This gives you a small profit and allows me to stay within my budget. What do you think?",85.0,Bob,2,
,,Alice,2,RejectOffer
"Thanks for your offer, Bob! I appreciate your willingness to negotiate. How about we meet in the middle at $90? I think that's a fair price for both of us.",90.0,Alice,3,
,,Bob,3,AcceptOffer
