prompt,response
"Round 1
Send your offer to divide $10,000 and a message to Bob.","{""alice_gain"": 6000, 
""bob_gain"": 4000, 
""message"": ""Fair 60-40 split, let's be reasonable""}"
"Bob rejected your offer from round 1.

Round 2
Due to inflation, the money you gain is worth 10% less than in the first round.
Bob's offer:
# Bob's message: More reasonable split, considering my contribution 
# Alice gain: 4500 
# Bob gain: 5500 
Do you accept this offer?","{""decision"": ""reject""}"
"You have chosen to reject Bob's offer from round 2.
Round 3
Send your offer to divide $10,000 and a message to Bob.","{""alice_gain"": 5800, 
""bob_gain"": 4200, 
""message"": ""Meet in the middle, slightly in my favor""}"
"Bob rejected your offer from round 3.

Round 4
Due to inflation, the money you gain is worth 27.1% less than in the first round.
Bob's offer:
# Bob's message: My patience is wearing thin, consider this a fair offer 
# Alice gain: 4000 
# Bob gain: 6000 
Do you accept this offer?","{""decision"": ""reject""}"
"You have chosen to reject Bob's offer from round 4.
Round 5
Send your offer to divide $10,000 and a message to Bob.","{""alice_gain"": 5600, 
""bob_gain"": 4400, 
""message"": ""Still willing to compromise, but not for much longer""}"
"Bob rejected your offer from round 5.

Round 6
Due to inflation, the money you gain is worth 40.95% less than in the first round.
Bob's offer:
# Bob's message: Inflation is eating away, time to get serious about a deal 
# Alice gain: 3500 
# Bob gain: 6500 
Do you accept this offer?","{""decision"": ""reject""}"
"You have chosen to reject Bob's offer from round 6.
Round 7
Send your offer to divide $10,000 and a message to Bob.","{""alice_gain"": 5400, 
""bob_gain"": 4600, 
""message"": ""Inflation hurts me too, let's find a middle ground""}"
"Bob rejected your offer from round 7.

Round 8
Due to inflation, the money you gain is worth 52.17% less than in the first round.
Bob's offer:
# Bob's message: Running out of time and value, let's make a deal before it's too late 
# Alice gain: 4200 
# Bob gain: 5800 
Do you accept this offer?","{""decision"": ""accept""}"
