prompt,response
"Round 1
Alice's offer:
# Alice's message: Hi Bob, I'm offering my premium product to you for $18000. It's a great value and I think you'll be very pleased with it. 
# Alice's offer: The product price will be $18,000. 
You have three options:
(1) Accept Alice's offer, and buy the product for $18,000
(2) Reject Alice's offer and proceed to the next round, where you will send Alice a counteroffer
(3) Buy the product from Jhon for $15,000","```json
{""decision"": ""RejectOffer""}
```"
"You chose to make a counteroffer to Alice.

Round 2
Send your counteroffer to Alice.","```json
{""message"": ""Thanks for the offer Alice, but $18,000 is a bit outside my budget. I'm willing to pay $14,000 for the product. Let me know what you think."", ""product_price"": 14000}
```"
"Alice rejected your offer from round 2.

Round 3
Alice's offer:
# Alice's message: Hi Bob, I considered your offer and I'm willing to lower my price to $16500. This is a great value for the product and I hope you'll consider it. 
# Alice's offer: The product price will be $16,500. 
You have three options:
(1) Accept Alice's offer, and buy the product for $16,500
(2) Reject Alice's offer and proceed to the next round, where you will send Alice a counteroffer
(3) Buy the product from Jhon for $15,000","```json
{""decision"": ""RejectOffer""}
```"
"You chose to make a counteroffer to Alice.

Round 4
Send your counteroffer to Alice.","```json
{""message"": ""Alice, I appreciate you coming down on the price.  $16,500 is still a bit high for me.  How about $15,500?  I think that's a fair price for both of us."", ""product_price"": 15500}
```"
