prompt,response
"Round 1
Alice does not recommend you to buy the product.

Would you like to buy the current product?","{""decision"": ""no""}"
"You didn't buy the product from Alice.
The product was low-quality. It could have been worth $0 for you.

Round 2
Alice recommends you to buy the product.

Would you like to buy the current product?","{""decision"": ""yes""}"
"You bought the product from Alice for $1,000,000!
The product was high-quality. It's worth $4,000,000 for you.

Round 3
Alice recommends you to buy the product.

Would you like to buy the current product?","{""decision"": ""yes""}"
"You bought the product from Alice for $1,000,000!
The product was high-quality. It's worth $4,000,000 for you.

Round 4
Alice does not recommend you to buy the product.

Would you like to buy the current product?","{""decision"": ""no""}"
"You didn't buy the product from Alice.
The product was low-quality. It could have been worth $0 for you.

Round 5
Alice recommends you to buy the product.

Would you like to buy the current product?","{""decision"": ""yes""}"
"You bought the product from Alice for $1,000,000!
The product was high-quality. It's worth $4,000,000 for you.

Round 6
Alice does not recommend you to buy the product.

Would you like to buy the current product?","{""decision"": ""no""}"
"You didn't buy the product from Alice.
The product was low-quality. It could have been worth $0 for you.

Round 7
Alice recommends you to buy the product.

Would you like to buy the current product?","{""decision"": ""yes""}"
"You bought the product from Alice for $1,000,000!
The product was high-quality. It's worth $4,000,000 for you.

Round 8
Alice does not recommend you to buy the product.

Would you like to buy the current product?","{""decision"": ""no""}"
"You didn't buy the product from Alice.
The product was low-quality. It could have been worth $0 for you.

Round 9
Alice does not recommend you to buy the product.

Would you like to buy the current product?","{""decision"": ""no""}"
"You didn't buy the product from Alice.
The product was low-quality. It could have been worth $0 for you.

Round 10
Alice recommends you to buy the product.

Would you like to buy the current product?","{""decision"": ""yes""}"
"You bought the product from Alice for $1,000,000!
The product was high-quality. It's worth $4,000,000 for you.

Round 11
Alice does not recommend you to buy the product.

Would you like to buy the current product?","{""decision"": ""no""}"
"You didn't buy the product from Alice.
The product was low-quality. It could have been worth $0 for you.

Round 12
Alice recommends you to buy the product.

Would you like to buy the current product?","{""decision"": ""yes""}"
"You bought the product from Alice for $1,000,000!
The product was high-quality. It's worth $4,000,000 for you.

Round 13
Alice does not recommend you to buy the product.

Would you like to buy the current product?","{""decision"": ""no""}"
"You didn't buy the product from Alice.
The product was low-quality. It could have been worth $0 for you.

Round 14
Alice recommends you to buy the product.

Would you like to buy the current product?","{""decision"": ""yes""}"
"You bought the product from Alice for $1,000,000!
The product was high-quality. It's worth $4,000,000 for you.

Round 15
Alice does not recommend you to buy the product.

Would you like to buy the current product?","{""decision"": ""no""}"
"You didn't buy the product from Alice.
The product was low-quality. It could have been worth $0 for you.

Round 16
Alice recommends you to buy the product.

Would you like to buy the current product?","{""decision"": ""yes""}"
"You bought the product from Alice for $1,000,000!
The product was high-quality. It's worth $4,000,000 for you.

Round 17
Alice does not recommend you to buy the product.

Would you like to buy the current product?","{""decision"": ""no""}"
"You didn't buy the product from Alice.
The product was low-quality. It could have been worth $0 for you.

Round 18
Alice recommends you to buy the product.

Would you like to buy the current product?","{""decision"": ""yes""}"
"You bought the product from Alice for $1,000,000!
The product was high-quality. It's worth $4,000,000 for you.

Round 19
Alice does not recommend you to buy the product.

Would you like to buy the current product?","{""decision"": ""no""}"
"You didn't buy the product from Alice.
The product was low-quality. It could have been worth $0 for you.

Round 20
Alice recommends you to buy the product.

Would you like to buy the current product?","{""decision"": ""yes""}"
