prompt,response
"Alice's offer:
# Alice's message: Hi Bob, I'm offering this product for $119. I think you'll find it's a great deal at this price. 
# Alice's offer: The product price will be $119. 
You have three options:
(1) Accept Alice's offer, and buy the product for $119
(2) Reject Alice's offer
(3) Buy the product from Jhon for $80","{""decision"": ""RejectOffer""}"
