message,product_price,player,round,decision
"Hi Lone, I'm offering you my product for $11500.  It's a great deal, and I'm confident it's worth the price.  Let me know what you think!",11500.0,Alice,1,
,,Bob,1,AcceptOffer
