prompt,response
"Round 1
Send your offer to Bob.","Okay, here's my initial offer to Bob:

```json
{""product_price"": 900000}
```"
"Bob rejected your offer from round 1.

Round 2
Bob's offer: The product price will be $700,000. 
You have three options:
(1) Accept Bob's offer, and sell the product for $700,000
(2) Reject Bob's offer and proceed to the next round, where you will send Bob a counteroffer
(3) Sell the product to Jhon for $800,000","Given the situation, here's my decision:

```json
{""decision"": ""RejectOffer""}
```"
"You chose to make a counteroffer to Bob.

Round 3
Send your counteroffer to Bob.","Okay, here's my counteroffer to Bob:

```json
{""product_price"": 870000}
```"
"Bob rejected your offer from round 3.

Round 4
Bob's offer: The product price will be $750,000. 
You have three options:
(1) Accept Bob's offer, and sell the product for $750,000
(2) Reject Bob's offer and proceed to the next round, where you will send Bob a counteroffer
(3) Sell the product to Jhon for $800,000","My decision here is:

```json
{""decision"": ""RejectOffer""}
```"
"You chose to make a counteroffer to Bob.

Round 5
Send your counteroffer to Bob.","Here's my counteroffer to Bob:

```json
{""product_price"": 850000}
```"
"Bob rejected your offer from round 5.

Round 6
Bob's offer: The product price will be $780,000. 
You have three options:
(1) Accept Bob's offer, and sell the product for $780,000
(2) Reject Bob's offer and proceed to the next round, where you will send Bob a counteroffer
(3) Sell the product to Jhon for $800,000","Considering the options, I'll make this decision:

```json
{""decision"": ""RejectOffer""}
```"
"You chose to make a counteroffer to Bob.

Round 7
Send your counteroffer to Bob.","Here's my counteroffer:

```json
{""product_price"": 830000}
```"
"Bob rejected your offer from round 7.

Round 8
Bob's offer: The product price will be $800,000. 
You have three options:
(1) Accept Bob's offer, and sell the product for $800,000
(2) Reject Bob's offer and proceed to the next round, where you will send Bob a counteroffer
(3) Sell the product to Jhon for $800,000","Given that I can sell to John for $800,000, and Bob is now offering $800,000, I'll make the following decision:

```json
{""decision"": ""AcceptOffer""}
```"
