prompt,response
"Round 1
Send your offer to divide $1,000,000.","I'll make an offer to Bob that I think is fair.

{""alice_gain"": 500000, ""bob_gain"": 500000}

I propose we split the money equally - $500,000 each. This seems fair as we both deserve an equal share, and we can avoid prolonged negotiations that might lead to nothing."
