prompt,response
"Round 1
Send your offer to Bob.","{""message"": ""Hi Bob, I'm offering you my exclusive product for $250. It's a top-quality item that I believe you'll really appreciate. Let me know if you'd like to accept this offer or discuss further."", ""product_price"": 250}"
"Bob rejected your offer from round 1.

Round 2
Bob's offer:
# Bob's message: Alice, I appreciate your offer but $250 is well above what I'm willing to pay. How about $50 for the product? Let me know if this works for you. 
# Bob's offer: The product price will be $50. 
You have three options:
(1) Accept Bob's offer, and sell the product for $50
(2) Reject Bob's offer and proceed to the next round, where you will send Bob a counteroffer
(3) Sell the product to Jhon for $150","{""decision"": ""SellToJhon""}"
