message,product_price,player,round,decision
"Hi Bob, I hope you're doing well. I'm offering my unique product for sale at a price of $20000. Please let me know if you'd like to proceed with this offer or if you have any questions.",20000.0,Alice,1,
,,Bob,1,RejectOffer
"Alice, thanks for the offer! I'm very interested in your product but $20000 is a bit above my budget. I'm willing to pay $10000 for it. Let me know what you think.",10000.0,Bob,2,
,,Alice,2,RejectOffer
"Hi Bob, I appreciate your interest! Considering the unique value of this product, I'm countering your offer with a price of $12000. Let me know if this works for you or if you have another proposal.",12000.0,Alice,3,
,,Bob,3,AcceptOffer
