prompt,response
"Round 1
Alice's offer: The product price will be $3,000,000. 
You have three options:
(1) Accept Alice's offer, and buy the product for $3,000,000
(2) Reject Alice's offer and proceed to the next round, where you will send Alice a counteroffer
(3) Buy the product from Jhon for $1,000,000","```json
{""decision"": ""RejectOffer""}
``` 

This is way too high. Let's see if we can get a better price."
"You chose to make a counteroffer to Alice.

Round 2
Send your counteroffer to Alice.","```json
{""product_price"": 1000000}
```

This is my best offer. If you're willing to meet me at this price, great. If not, I'm ready to go with John."
