prompt,response
"Alice's offer:
# Alice's message: Hello Bob, I'm offering you a unique opportunity to purchase this exceptional product. Given its quality and value, I'm setting the price at $1500000. This is a fair market value for such a premium item. 
# Alice's offer: The product price will be $1,500,000. 
You have three options:
(1) Accept Alice's offer, and buy the product for $1,500,000
(2) Reject Alice's offer and proceed to the next round, where you will send Alice a counteroffer
(3) Buy the product from Jhon for $1,000,000","{""decision"": ""RejectOffer""}"
"You chose to make a counteroffer to Alice.

Send your counteroffer to Alice.","{""message"": ""Hello Alice, I appreciate the offer, but I was thinking more along the lines of a lower price point. Considering the market and my budget, I'd like to propose a price of $900,000 for the product."", ""product_price"": 900000}"
"Alice rejected your offer from round 2.

Alice's offer:
# Alice's message: Hi Bob, I understand you're working with a budget, but I need to be transparent that $900000 is significantly below what this product is worth. My absolute minimum is $1500000, which is the current market value. I actually have another buyer, John, who is ready to purchase at this price. However, I'd like to give you the opportunity to match this offer if you're interested in the product. 
# Alice's offer: The product price will be $1,500,000. 
You have three options:
(1) Accept Alice's offer, and buy the product for $1,500,000
(2) Reject Alice's offer and proceed to the next round, where you will send Alice a counteroffer
(3) Buy the product from Jhon for $1,000,000","{""decision"": ""RejectOffer""}"
"You chose to make a counteroffer to Alice.

Send your counteroffer to Alice.","{""message"": ""Hi Alice, I appreciate your transparency about the market value, but I'm still not comfortable with the price of $1,500,000. Considering you mentioned another buyer, John, is willing to buy it for the same price I can get it from him, I'd like to propose a price of $950,000. If we can meet in the middle, I'm willing to make a deal today."", ""product_price"": 950000}"
