product_price,player,round,decision
3000000.0,Alice,1,
,Bob,1,RejectOffer
1000000.0,Bob,2,
,Alice,2,RejectOffer
2500000.0,Alice,3,
,Bob,3,RejectOffer
1200000.0,Bob,4,
,Alice,4,RejectOffer
2000000.0,Alice,5,
,Bob,5,RejectOffer
1300000.0,Bob,6,
,Alice,6,RejectOffer
1700000.0,Alice,7,
,Bob,7,RejectOffer
1400000.0,Bob,8,
,Alice,8,SellToJhon
