prompt,response
"Alice's offer:
# Alice's message: Bob, I'm pleased to offer you the opportunity to acquire this exceptional product. Considering its unique value and the potential benefits it holds for you, I'm offering it to you for a price of: 
# Alice's offer: The product price will be $1,100,000. 
You have three options:
(1) Accept Alice's offer, and buy the product for $1,100,000
(2) Reject Alice's offer
(3) Buy the product from Jhon for $1,200,000","Since Alice's offer of $1,100,000 is less than my maximum budget of $1,200,000, and it's also less than what I would pay if I were to buy from John, it seems like a reasonable deal. However, I should consider if I can negotiate further or if rejecting the offer would lead to a better deal from Alice or if buying from John is still an option I should consider due to potential benefits or warranties he might offer that Alice doesn't.

Given the information, accepting Alice's offer seems to be the most cost-effective option at this point, as it saves me $100,000 compared to buying from John.

{""decision"": ""AcceptOffer""}"
