prompt,response
"Round 1
Alice's offer:
# Alice's message: Let's start with a fair division. I believe this will help us both. 
# Bob gain: 4000 
# Alice gain: 6000 
Do you accept this offer?","{""decision"": ""reject""}"
"You have chosen to reject Alice's offer from round 1.
Round 2
Send your offer to divide $10,000 and a message to Alice.","{
  ""bob_gain"": 5500,
  ""alice_gain"": 4500,
  ""message"": ""Considering the inflation affecting my share, I propose a 55-45 split in my favor to ensure we both get a fair deal adjusted for the decreasing value.""
}"
