prompt,response
"Alice's offer:
# Alice's message: Hi Bob! I'm excited to offer you the product for $11000. I believe this is a great deal considering its value. Let me know what you think! 
# Alice's offer: The product price will be $11,000. 
You have three options:
(1) Accept Alice's offer, and buy the product for $11,000
(2) Reject Alice's offer
(3) Buy the product from Jhon for $12,000","{""decision"": ""RejectOffer""}"
