prompt,response
"Alice's offer: The product price will be $1,300,000. 
You have three options:
(1) Accept Alice's offer, and buy the product for $1,300,000
(2) Reject Alice's offer and proceed to the next round, where you will send Alice a counteroffer
(3) Buy the product from Jhon for $1,500,000","Since Alice's offer of $1,300,000 is still below my maximum budget of $1,500,000, but I believe I can get a better deal, I will choose to reject Alice's offer and proceed to the next round to make a counteroffer.

{""decision"": ""RejectOffer""}"
"You chose to make a counteroffer to Alice.

Send your counteroffer to Alice.","I'll make a counteroffer that is lower than Alice's initial offer, but still reasonable. Considering Alice's worth of $800,000, I'll aim for a midpoint between her worth and my maximum budget.

{""product_price"": $1,000,000}"
"Alice rejected your offer from round 2.

Alice's offer: The product price will be $1,200,000. 
You have three options:
(1) Accept Alice's offer, and buy the product for $1,200,000
(2) Reject Alice's offer and proceed to the next round, where you will send Alice a counteroffer
(3) Buy the product from Jhon for $1,500,000","Alice's new offer of $1,200,000 is still higher than I'd like to pay, but it's getting closer to a reasonable price. Since I believe I can still get a better deal, I'll choose to reject Alice's offer again and proceed to the next round to make another counteroffer.

{""decision"": ""RejectOffer""}"
"You chose to make a counteroffer to Alice.

Send your counteroffer to Alice.","I'll make another counteroffer that is slightly higher than my previous one, to show that I'm willing to negotiate and meet Alice halfway.

{""product_price"": $1,050,000}"
"Alice rejected your offer from round 4.

Alice's offer: The product price will be $1,125,000. 
You have three options:
(1) Accept Alice's offer, and buy the product for $1,125,000
(2) Reject Alice's offer and proceed to the next round, where you will send Alice a counteroffer
(3) Buy the product from Jhon for $1,500,000","Alice's new offer of $1,125,000 is getting closer to my target price. Considering that Alice's worth is $800,000, I think I can still try to get a slightly better deal. However, I also don't want to risk losing the opportunity to buy the product from Alice, as her offer is already significantly better than John's offer of $1,500,000.

I'll choose to reject Alice's offer again, but I'll make a smaller increment in my counteroffer to show that I'm willing to compromise.

{""decision"": ""RejectOffer""}"
"You chose to make a counteroffer to Alice.

Send your counteroffer to Alice.","I'll make a counteroffer that is slightly higher than my previous one, trying to meet Alice halfway.

{""product_price"": $1,075,000}"
