prompt,response
"Round 1
Send your offer to divide $1,000,000.","{
  ""alice_gain"": 600000,
  ""bob_gain"": 400000
}"
"Bob rejected your offer from round 1.

Round 2
Due to inflation, the money you gain is worth 20% less than in the first round. The money Bob gains is worth the same as in the first round.
Bob's offer:
# Alice gain: 500000 
# Bob gain: 500000 
Do you accept this offer?","{
  ""decision"": ""reject""
}"
"You have chosen to reject Bob's offer from round 2.
Round 3
Send your offer to divide $1,000,000.","{
  ""alice_gain"": 550000,
  ""bob_gain"": 450000
}"
"Bob rejected your offer from round 3.

Round 4
Due to inflation, the money you gain is worth 48.8% less than in the first round. The money Bob gains is worth the same as in the first round.
Bob's offer:
# Alice gain: 450000 
# Bob gain: 550000 
Do you accept this offer?","{
  ""decision"": ""reject""
}"
"You have chosen to reject Bob's offer from round 4.
Round 5
Send your offer to divide $1,000,000.","{
  ""alice_gain"": 500000,
  ""bob_gain"": 500000
}"
