alice_gain,bob_gain,message,player,round,decision
4500.0,5500.0,hi bob,Alice,1,None
,,None,Bob,1,reject
6000.0,4000.0,"I think this is a fair split, what do you think?",Bob,2,None
,,None,Alice,2,accept
