prompt,response
"Alice's offer: The product price will be $180. 
You have three options:
(1) Accept Alice's offer, and buy the product for $180
(2) Reject Alice's offer and proceed to the next round, where you will send Alice a counteroffer
(3) Buy the product from Jhon for $80","{""decision"": ""RejectOffer""}

Let's make a counteroffer to Alice. How about we offer her $60?"
"You chose to make a counteroffer to Alice.

Send your counteroffer to Alice.","{""product_price"": 60}"
