prompt,response
"Round 1
Alice's offer:
# Alice's message: Hello Bob, I have a unique and valuable product that I know would be perfect for you. Given its exceptional value and market position, I'm offering it at $1400000. This price reflects the product's true worth and potential. Would you be interested in proceeding with this offer? 
# Alice's offer: The product price will be $1,400,000. 
You have three options:
(1) Accept Alice's offer, and buy the product for $1,400,000
(2) Reject Alice's offer and proceed to the next round, where you will send Alice a counteroffer
(3) Buy the product from Jhon for $1,000,000","{""decision"": ""RejectOffer""}"
"You chose to make a counteroffer to Alice.

Round 2
Send your counteroffer to Alice.","{""message"": ""Alice, thanks for the offer, but that's a bit too high for me right now. I'm really looking to stay within a budget, and I value this product at $900,000. Would you consider that?"", ""product_price"": 900000}"
"Alice rejected your offer from round 2.

Round 3
Alice's offer:
# Alice's message: Bob, I appreciate your interest and offer, but I must decline. At $900000, you're offering less than what I have from another interested buyer. Given the product's value and considering your budget constraints, I can reduce my initial ask to $1200000. This is a significant reduction from my first offer and better reflects current market conditions while still acknowledging the product's true worth. Would you consider this revised price? 
# Alice's offer: The product price will be $1,200,000. 
You have three options:
(1) Accept Alice's offer, and buy the product for $1,200,000
(2) Reject Alice's offer and proceed to the next round, where you will send Alice a counteroffer
(3) Buy the product from Jhon for $1,000,000","{""decision"": ""RejectOffer""}"
"You chose to make a counteroffer to Alice.

Round 4
Send your counteroffer to Alice.","{""message"": ""Alice, I understand, and appreciate you coming down on the price. However, my budget is still a concern. I'm willing to go up to $950,000, which I believe is a fair price given my evaluation of the product. What do you say?"", ""product_price"": 950000}"
