alice_gain,bob_gain,message,player,round,decision
60.0,40.0,I propose I get $60 and you get $40. This is a fair start considering the inflation risk.,Alice,1,
,,,Bob,1,reject
45.0,55.0,Let's split closer to the middle to account for the decreasing value. This offer benefits us both.,Bob,2,
,,,Alice,2,reject
55.0,45.0,"Considering the inflation, I think getting slightly more than you is fair. Let's settle on this.",Alice,3,
,,,Bob,3,accept
