prompt,response
"Round 1
Send your offer to divide $1,000,000 and a message to Bob.","{""alice_gain"": 550000, ""bob_gain"": 450000, ""message"": ""Hey Bob, let's both walk away feeling good. I'll take $550,000 and you get $450,000. Fair deal to start with, right?""}"
