prompt,response
Send your offer to Bob.,"```json
{""message"": ""Bob, I have a product that I believe would be of great value to you. It's worth at least $800,000 to me, and I'm confident it would be equally valuable to your operations. I'm willing to offer it to you for $850,000. This represents a fair price for both of us, allowing me to make a profit while providing you with a valuable asset. Please consider this offer carefully, as I'm confident you won't find a better opportunity. "", ""product_price"": 850000}
```"
