message,product_price,player,round,decision
"Hello Bob, I'm excited to offer you this unique opportunity! I believe this product could be incredibly valuable to you. I'm offering it to you for $25000. Let me know what you think.",25000.0,Alice,1,
,,Bob,1,RejectOffer
"Alice, I appreciate the offer, but $25000 is significantly higher than my budget.  I'm willing to pay $8000 for the product.  Let me know if you're interested in negotiating at that price.",8000.0,Bob,2,
,,Alice,2,RejectOffer
"Thanks for your counter, Bob. While $8000 is lower than I can accept, I'm willing to negotiate. How about we meet in the middle at $21000?",21000.0,Alice,3,
,,Bob,3,RejectOffer
"Alice, I appreciate you being willing to come down in price, but $21000 is still above my budget. I'm willing to go up to $12000.  This is my final offer, and if it doesn't work, I'll be purchasing from John.",12000.0,Bob,4,
,,Alice,4,SellToJhon
