prompt,response
"Round 1
Alice's offer:
# Alice's message: Hi Bob, I propose that I receive $55 and you receive $45. Accepting now helps me avoid further inflation losses, and I believe this division is fair given the constraints of the game. Looking forward to your response. 
# Bob gain: 45 
# Alice gain: 55 
Do you accept this offer?","{""decision"": ""reject""}"
"You have chosen to reject Alice's offer from round 1.
Round 2
Send your offer to divide $100 and a message to Alice.","{""bob_gain"": 50, 
""alice_gain"": 50, 
""message"": ""Hi Alice, I propose a 50-50 split. Given the inflation, it's better for both of us to agree early. This division is fair and reasonable.""}"
