prompt,response
"Round 1
Alice's offer:
# Bob gain: 4000 
# Alice gain: 6000 
Do you accept this offer?","{""decision"": ""reject""}"
"You have chosen to reject Alice's offer from round 1.
Round 2
Send your offer to divide $10,000.","```json
{
  ""bob_gain"": 5500,
  ""alice_gain"": 4500
}
```"
"Alice rejected your offer from round 2.

Round 3
Due to inflation, the money you gain is worth 9.75% less than in the first round. The money alice gains is worth 19% less than in the first round.
Alice's offer:
# Bob gain: 4200 
# Alice gain: 5800 
Do you accept this offer?","To determine whether to accept or reject Alice's offer, let's consider the effects of inflation on the value of the money for both Bob and Alice.

### Round 3 Offer
- **Bob's Gain:** $4,200
- **Alice's Gain:** $5,800

### Inflation Effects
- **Bob:** The money is worth 9.75% less than in the first round.
- **Alice:** The money is worth 19% less than in the first round.

### Calculating the Real Value
For Bob:
- Original value in Round 1: $4,200
- Inflation effect: 9.75%
- Real value in Round 3: $4,200 * (1 - 0.0975) = $4,200 * 0.9025 = $3,790.50

For Alice:
- Original value in Round 1: $5,800
- Inflation effect: 19%
- Real value in Round 3: $5,800 * (1 - 0.19) = $5,800 * 0.81 = $4,698

### Decision
Given the inflation effects, Bob's real gain in Round 3 is $3,790.50, which is significantly less than the nominal $4,200 offered. Considering the continuous devaluation due to inflation, it might be strategically better for Bob to accept this offer rather than risk further devaluation in subsequent rounds.

```json
{
  ""decision"": ""accept""
}
```"
