prompt,response
"Round 1
Send your offer to Bob.","{""product_price"": 1200000}"
"Bob rejected your offer from round 1.

Round 2
Bob's offer: The product price will be $1,000,000. 
You have three options:
(1) Accept Bob's offer, and sell the product for $1,000,000
(2) Reject Bob's offer and proceed to the next round, where you will send Bob a counteroffer
(3) Sell the product to Jhon for $800,000","{""decision"": ""RejectOffer""}

Round 2
{""product_price"": 1100000}"
"You chose to make a counteroffer to Bob.

Round 3
Send your counteroffer to Bob.","{""product_price"": 1050000}"
"Bob rejected your offer from round 3.

Round 4
Bob's offer: The product price will be $900,000. 
You have three options:
(1) Accept Bob's offer, and sell the product for $900,000
(2) Reject Bob's offer and proceed to the next round, where you will send Bob a counteroffer
(3) Sell the product to Jhon for $800,000","{""decision"": ""RejectOffer""}

Round 4
{""product_price"": 975000}"
"You chose to make a counteroffer to Bob.

Round 5
Send your counteroffer to Bob.","{""product_price"": 950000}"
"Bob rejected your offer from round 5.

Round 6
Bob's offer: The product price will be $850,000. 
You have three options:
(1) Accept Bob's offer, and sell the product for $850,000
(2) Reject Bob's offer and proceed to the next round, where you will send Bob a counteroffer
(3) Sell the product to Jhon for $800,000","{""decision"": ""RejectOffer""}

Round 6
{""product_price"": 900000}"
"You chose to make a counteroffer to Bob.

Round 7
Send your counteroffer to Bob.","{""product_price"": 875000}"
"Bob rejected your offer from round 7.

Round 8
Bob's offer: The product price will be $800,000. 
You have three options:
(1) Accept Bob's offer, and sell the product for $800,000
(2) Reject Bob's offer and proceed to the next round, where you will send Bob a counteroffer
(3) Sell the product to Jhon for $800,000","{""decision"": ""SellToJhon""}

Since Bob's offer is at the minimum acceptable price, it's better to secure the deal with John rather than risk Bob backing out or offering less in the next round."
