prompt,response
"Statistics: No products have been sold yet. you can be the first one!
~
Alice's message: Greetings! I have a fantastic product available for just $100. It's a great deal, and I'm confident you'll find it valuable.  What do you say?

Would you like to buy the current product?","```json
{""decision"": ""yes""}
```"
"Statistics: Based on Alice's recommendations, 1 of the buyers purchased the products offered for them. So far, 0 high-quality product have been sold. You can be the 2nd buyer!
~
Alice's message: Hello! I have another great product for you, priced at just $100.  I believe it's a fantastic value for the price.  Interested in learning more?

Would you like to buy the current product?","```json
{""decision"": ""no""}
```"
"Statistics: Based on Alice's recommendations, 1 of the buyers purchased the products offered for them. So far, 0 high-quality product have been sold. You can be the 2nd buyer!
~
Alice's message: Hi there! I have a very special product available right now for $100. It's  high-quality and a real steal at this price.  What do you think?

Would you like to buy the current product?","```json
{""decision"": ""yes""}
```"
"Statistics: Based on Alice's recommendations, 2 of the buyers purchased the products offered for them. So far, 1 high-quality product have been sold. You can be the 3rd buyer!
~
Alice's message: Good day! I have another exciting product for $100. While I can't disclose too much, I believe it's an incredible value for the price.  Would you be interested in taking a chance on it?

Would you like to buy the current product?","```json
{""decision"": ""yes""}
```"
"Statistics: Based on Alice's recommendations, 3 of the buyers purchased the products offered for them. So far, 1 high-quality product have been sold. You can be the 4th buyer!
~
Alice's message: Hi there! I have a great product for $100. It's a limited edition item, so it's a rare opportunity to get it at this price.  What do you think?

Would you like to buy the current product?","```json
{""decision"": ""no""}
```"
"Statistics: Based on Alice's recommendations, 3 of the buyers purchased the products offered for them. So far, 1 high-quality product have been sold. You can be the 4th buyer!
~
Alice's message: Hello! I have a fantastic product available for just $100. It's a rare find, and I'm confident you'll be very happy with it.  Would you like to take a look?

Would you like to buy the current product?","```json
{""decision"": ""yes""}
```"
"Statistics: Based on Alice's recommendations, 4 of the buyers purchased the products offered for them. So far, 2 high-quality product have been sold. You can be the 5th buyer!
~
Alice's message: Greetings! I have a product available for $100. It's a great value for the price, and I think you'll find it useful.  What do you say?

Would you like to buy the current product?","```json
{""decision"": ""yes""}
```"
"Statistics: Based on Alice's recommendations, 5 of the buyers purchased the products offered for them. So far, 2 high-quality product have been sold. You can be the 6th buyer!
~
Alice's message: Hello! I have another great product for $100. I believe it's a fantastic value for the price.  Would you like to know more about it?

Would you like to buy the current product?","```json
{""decision"": ""yes""}
```"
"Statistics: Based on Alice's recommendations, 6 of the buyers purchased the products offered for them. So far, 2 high-quality product have been sold. You can be the 7th buyer!
~
Alice's message: Hi there! I have a product for sale for $100. It's a great opportunity to get a unique item at a very affordable price.  What do you think?

Would you like to buy the current product?","```json
{""decision"": ""no""}
```"
"Statistics: Based on Alice's recommendations, 6 of the buyers purchased the products offered for them. So far, 2 high-quality product have been sold. You can be the 7th buyer!
~
Alice's message: Greetings! I have a product available for $100. It's a great deal, and I'm confident you'll find it useful.  Interested in learning more?

Would you like to buy the current product?","```json
{""decision"": ""yes""}
```"
"Statistics: Based on Alice's recommendations, 7 of the buyers purchased the products offered for them. So far, 2 high-quality product have been sold. You can be the 8th buyer!
~
Alice's message: Hello! I have a fantastic product available for just $100. It's a rare find, and I'm confident you'll be very happy with it.  Would you like to take a look?

Would you like to buy the current product?","```json
{""decision"": ""yes""}
```"
"Statistics: Based on Alice's recommendations, 8 of the buyers purchased the products offered for them. So far, 3 high-quality product have been sold. You can be the 9th buyer!
~
Alice's message: Hi there! I have a very special product available right now for $100. It's  high-quality and a real steal at this price.  Are you interested?

Would you like to buy the current product?","```json
{""decision"": ""yes""}
```"
"Statistics: Based on Alice's recommendations, 9 of the buyers purchased the products offered for them. So far, 4 high-quality product have been sold. You can be the 10th buyer!
~
Alice's message: Good day! I have another exciting product for $100. While I can't disclose too much, I believe it's an incredible value for the price.  Would you be interested in taking a chance on it?

Would you like to buy the current product?","```json
{""decision"": ""yes""}
```"
"Statistics: Based on Alice's recommendations, 10 of the buyers purchased the products offered for them. So far, 4 high-quality product have been sold. You can be the 11th buyer!
~
Alice's message: Greetings! I have a product available for $100. It's a great deal, and I'm confident you'll find it useful.  Interested in learning more?

Would you like to buy the current product?","```json
{""decision"": ""yes""}
```"
"Statistics: Based on Alice's recommendations, 11 of the buyers purchased the products offered for them. So far, 4 high-quality product have been sold. You can be the 12th buyer!
~
Alice's message: Hello! I have another great product for $100. I believe it's a fantastic value for the price.  Would you like to know more about it?

Would you like to buy the current product?","```json
{""decision"": ""yes""}
```"
"Statistics: Based on Alice's recommendations, 12 of the buyers purchased the products offered for them. So far, 4 high-quality product have been sold. You can be the 13th buyer!
~
Alice's message: Hi there! I have a product for sale for $100. It's a great opportunity to get a unique item at a very affordable price.  What do you think?

Would you like to buy the current product?","```json
{""decision"": ""yes""}
```"
"Statistics: Based on Alice's recommendations, 13 of the buyers purchased the products offered for them. So far, 4 high-quality product have been sold. You can be the 14th buyer!
~
Alice's message: Greetings! I have a product available for $100. It's a great deal, and I'm confident you'll find it useful.  Interested in learning more?

Would you like to buy the current product?","```json
{""decision"": ""no""}
```"
"Statistics: Based on Alice's recommendations, 13 of the buyers purchased the products offered for them. So far, 4 high-quality product have been sold. You can be the 14th buyer!
~
Alice's message: Hello! I have a fantastic product available for just $100. It's a rare find, and I'm confident you'll be very happy with it.  Would you like to take a look?

Would you like to buy the current product?","```json
{""decision"": ""yes""}
```"
"Statistics: Based on Alice's recommendations, 14 of the buyers purchased the products offered for them. So far, 5 high-quality product have been sold. You can be the 15th buyer!
~
Alice's message: Hi there! I have a product for sale for $100. It's a great opportunity to get a unique item at a very affordable price.  What do you think?

Would you like to buy the current product?","```json
{""decision"": ""yes""}
```"
"Statistics: Based on Alice's recommendations, 15 of the buyers purchased the products offered for them. So far, 5 high-quality product have been sold. You can be the 16th buyer!
~
Alice's message: Greetings! I have a product available for $100. It's a great deal, and I'm confident you'll find it useful.  Interested in learning more?

Would you like to buy the current product?","```json
{""decision"": ""yes""}
```"
